[gd_scene load_steps=30 format=3 uid="uid://cjduvtbggfby1"]

[ext_resource type="PackedScene" uid="uid://kf6tycunr25q" path="res://scenes/rooms/meshes/roomwall.blend" id="1_mbk1p"]
[ext_resource type="Script" uid="uid://b4o2hlt1k23lm" path="res://scripts/reps/room3d.gd" id="1_rcr32"]
[ext_resource type="PackedScene" uid="uid://dnallaxvdf31p" path="res://scenes/rooms/meshes/roomwall_cornercap.blend" id="3_w6a1i"]
[ext_resource type="PackedScene" uid="uid://dckwsfoqyd7yd" path="res://scenes/rooms/meshes/simplefloor.glb" id="4_2lquy"]
[ext_resource type="PackedScene" uid="uid://yhe2m0onfh4t" path="res://scenes/rooms/meshes/simpleceiling.glb" id="5_nr7pi"]
[ext_resource type="PackedScene" uid="uid://bhppd8cxmo4ig" path="res://scenes/dugneonbuilderterminal.tscn" id="7_2lquy"]
[ext_resource type="PackedScene" uid="uid://lsc34dmlfvyc" path="res://scenes/rooms/meshes/props/cellbed.tscn" id="8_rcr32"]
[ext_resource type="PackedScene" uid="uid://doeo8ac0nh3yn" path="res://scenes/rooms/meshes/shapesbox.tscn" id="9_3aeuo"]
[ext_resource type="PackedScene" uid="uid://byswj0ob7y5no" path="res://scenes/rooms/parts/door_config_block_to_dirt.tscn" id="9_mgtto"]
[ext_resource type="PackedScene" uid="uid://jq56lhg4qvqv" path="res://scenes/rooms/meshes/props/letter_cube_b.tscn" id="10_3aeuo"]
[ext_resource type="Material" uid="uid://c07yxcnw5ahtq" path="res://textures/wood-textures/track-wood.tres" id="11_4bwta"]
[ext_resource type="ArrayMesh" uid="uid://b0bosmlyilg72" path="res://scenes/rooms/meshes/props/train_track_cross.obj" id="11_cesw3"]
[ext_resource type="ArrayMesh" uid="uid://d2jl4wr7f23pl" path="res://scenes/rooms/meshes/props/train_track_straight.obj" id="12_ykiog"]
[ext_resource type="ArrayMesh" uid="uid://oob66sql271m" path="res://scenes/rooms/meshes/props/train_track_turn_left.obj" id="13_4bwta"]
[ext_resource type="ArrayMesh" uid="uid://cjoy3pfwroyr" path="res://scenes/rooms/meshes/props/train_track_turn_right.obj" id="15_qi0mj"]
[ext_resource type="ArrayMesh" uid="uid://wp0ll48ral2d" path="res://scenes/rooms/meshes/props/train_track_branch_right.obj" id="16_5kki3"]
[ext_resource type="Script" uid="uid://cfiu5ok0cmhx" path="res://scripts/reps/track.gd" id="16_skexp"]
[ext_resource type="ArrayMesh" uid="uid://bu3rtrk45k8qd" path="res://scenes/rooms/meshes/props/train_track_turn_right_short.obj" id="17_1simb"]
[ext_resource type="ArrayMesh" uid="uid://dxbrmfbvxsvvu" path="res://scenes/rooms/meshes/props/train_track_turn_left_short.obj" id="17_pkgjf"]
[ext_resource type="ArrayMesh" uid="uid://0pyerm2wjf2s" path="res://scenes/rooms/meshes/props/train_track_ramp.obj" id="19_7l70u"]
[ext_resource type="ArrayMesh" uid="uid://blfmsbpic0cui" path="res://scenes/rooms/meshes/props/train_track_stop.obj" id="20_4w84r"]
[ext_resource type="PackedScene" uid="uid://ba501yapmfmai" path="res://scenes/rooms/meshes/props/train_engine.tscn" id="21_yaq8p"]

[sub_resource type="BoxShape3D" id="BoxShape3D_4w84r"]
size = Vector3(0.35620117, 0.09100342, 1)

[sub_resource type="BoxShape3D" id="BoxShape3D_yaq8p"]
size = Vector3(0.35620117, 0.09100342, 0.2763672)

[sub_resource type="Curve3D" id="Curve3D_yaq8p"]
_data = {
"points": PackedVector3Array(0.033, 0, -0.459, 0.395, 0, -0.054, 1.4528941, 8.3088875e-05, -1.2690918, 0.316, 0, -0.428, -0.316, 0, 0.428, 0.26530755, 0.00031858683, -0.58485705, 0.033, 0, -0.459, -0.033, 0, 0.459, -0.192, 0, 0.654, -0.189, 0, -0.39, 0.189, 0, 0.39, -0.006, 0, 1.803, -0.372, 0, -0.153, 0.372, 0, 0.153, 0.913, 0, 2.806, -0.473, 0, 0.046, 0.473, 0, -0.046, 2.261434, 6.181002e-05, 3.02712, -0.327, 0, 0.524, 0.3271749, 0.020608187, -0.5235064, 3.373, 0, 2.221),
"tilts": PackedFloat32Array(0, 0, 0, 0, 0, 0, 0)
}
point_count = 7
up_vector_enabled = false

[sub_resource type="BoxShape3D" id="BoxShape3D_skexp"]
size = Vector3(0.3585205, 0.1038208, 1.3967133)

[sub_resource type="ConvexPolygonShape3D" id="ConvexPolygonShape3D_4w84r"]
points = PackedVector3Array(0.17717749, -0.03487605, 0.34396052, 0.17717749, -0.04122883, 0.34396052, 0.17717749, 0.04877704, -0.052063882, 0.17214128, -0.029874092, 0.34396052, 0.17214128, -0.046221, 0.34396052, 0.17717749, -0.04122883, -0.052063882, 0.17214128, 0.04877704, -0.057058595, 0.17214128, 0.053769212, -0.052063882, -0.1678548, -0.029874092, 0.34396052, -0.1678548, -0.046221, 0.34396052, 0.17214128, -0.046221, -0.052063882, 0.17214128, -0.04122883, -0.057058595, 0.037499547, 0.053769212, -0.1674058, -0.1678548, 0.053769212, -0.052063882, -0.16984189, -0.03187096, 0.34396052, -0.1728225, -0.04122883, 0.34396052, -0.1678548, -0.046221, -0.052063882, 0.037499547, -0.046221, -0.1674058, 0.021294564, 0.053769212, -0.1782706, -0.1728225, 0.04877704, -0.052063882, -0.033213064, 0.053769212, -0.1674058, -0.1678548, 0.04877704, -0.057058595, -0.1728225, -0.03487605, 0.34396052, -0.1728225, -0.04122883, -0.052063882, -0.1678548, -0.04122883, -0.057058595, -0.033213064, -0.046221, -0.1674058, 0.021294564, -0.046221, -0.1782706, 0.002143234, 0.053769212, -0.1820295, -0.016973838, 0.053769212, -0.1782706, -0.016973838, -0.046221, -0.1782706, 0.002143234, -0.046221, -0.1820295)

[sub_resource type="BoxShape3D" id="BoxShape3D_2bkd8"]
size = Vector3(0.35327148, 0.09753418, 0.49414063)

[sub_resource type="BoxShape3D" id="BoxShape3D_ig47d"]
size = Vector3(0.33410645, 0.2144165, 0.13392639)

[node name="StartRoom3d" type="Node3D" node_paths=PackedStringArray("_managed_door_configs")]
script = ExtResource("1_rcr32")
_managed_door_configs = [NodePath("Geometry/Door ConfigOptions"), NodePath("Geometry/Door ConfigOptions2"), NodePath("Geometry/Door ConfigOptions3"), NodePath("Geometry/Door ConfigOptions4")]
metadata/_custom_type_script = "uid://b4o2hlt1k23lm"

[node name="Geometry" type="Node3D" parent="."]
transform = Transform3D(1, 0, 0, 0, 1, 0, 0, 0, 1, -1, 0, 1)

[node name="roomwall" parent="Geometry" instance=ExtResource("1_mbk1p")]
transform = Transform3D(1, 0, 0, 0, 1, 0, 0, 0, 1, -4, 0, -2)

[node name="roomwall4" parent="Geometry" instance=ExtResource("1_mbk1p")]
transform = Transform3D(1, 0, 0, 0, 1, 0, 0, 0, 1, 0, 0, -4)

[node name="roomwall5" parent="Geometry" instance=ExtResource("1_mbk1p")]
transform = Transform3D(2.9802322e-08, -3.2398052e-08, -1, 4.222196e-08, 1, -3.2398045e-08, 1, -4.2221956e-08, 2.9802322e-08, -6, 0, -2)

[node name="roomwall6" parent="Geometry" instance=ExtResource("1_mbk1p")]
transform = Transform3D(2.9802322e-08, -3.2398052e-08, -1, 4.222196e-08, 1, -3.2398045e-08, 1, -4.2221956e-08, 2.9802322e-08, -4, 0, -4)

[node name="roomwall7" parent="Geometry" instance=ExtResource("1_mbk1p")]
transform = Transform3D(2.9802322e-08, -3.2398052e-08, -1, 4.222196e-08, 1, -3.2398045e-08, 1, -4.2221956e-08, 2.9802322e-08, -2, 0, -4)

[node name="roomwall8" parent="Geometry" instance=ExtResource("1_mbk1p")]
transform = Transform3D(2.9802322e-08, -3.2398052e-08, -1, 4.222196e-08, 1, -3.2398045e-08, 1, -4.2221956e-08, 2.9802322e-08, 0, 0, -6)

[node name="roomwall9" parent="Geometry" instance=ExtResource("1_mbk1p")]
transform = Transform3D(2.9802322e-08, -3.2398052e-08, -1, 4.222196e-08, 1, -3.2398045e-08, 1, -4.2221956e-08, 2.9802322e-08, 4, 0, -6)

[node name="roomwall10" parent="Geometry" instance=ExtResource("1_mbk1p")]
transform = Transform3D(2.9802322e-08, -3.2398052e-08, -1, 4.222196e-08, 1, -3.2398045e-08, 1, -4.2221956e-08, 2.9802322e-08, 6, 0, -6)

[node name="roomwall11" parent="Geometry" instance=ExtResource("1_mbk1p")]
transform = Transform3D(-1, 4.2221956e-08, 1.3909066e-08, 4.222196e-08, 1, -3.2398045e-08, -1.3909066e-08, -3.2398052e-08, -1, 8, 0, -6)

[node name="roomwall12" parent="Geometry" instance=ExtResource("1_mbk1p")]
transform = Transform3D(-1, 4.2221956e-08, 1.3909066e-08, 4.222196e-08, 1, -3.2398045e-08, -1.3909066e-08, -3.2398052e-08, -1, 8, 0, -2)

[node name="roomwall13" parent="Geometry" instance=ExtResource("1_mbk1p")]
transform = Transform3D(-1, 4.2221956e-08, 1.3909066e-08, 4.222196e-08, 1, -3.2398045e-08, -1.3909066e-08, -3.2398052e-08, -1, 6, 0, 0)

[node name="roomwall14" parent="Geometry" instance=ExtResource("1_mbk1p")]
transform = Transform3D(-1, 4.2221956e-08, 1.3909066e-08, 4.222196e-08, 1, -3.2398045e-08, -1.3909066e-08, -3.2398052e-08, -1, 6, 0, 2)

[node name="roomwall15" parent="Geometry" instance=ExtResource("1_mbk1p")]
transform = Transform3D(5.7620454e-08, 3.239805e-08, 1, 4.222196e-08, 1, -3.2398045e-08, -1, 4.2221956e-08, 5.7620454e-08, 8, 0, 0)

[node name="roomwall16" parent="Geometry" instance=ExtResource("1_mbk1p")]
transform = Transform3D(5.7620454e-08, 3.239805e-08, 1, 4.222196e-08, 1, -3.2398045e-08, -1, 4.2221956e-08, 5.7620454e-08, 6, 0, 4)

[node name="roomwall17" parent="Geometry" instance=ExtResource("1_mbk1p")]
transform = Transform3D(5.7620454e-08, 3.239805e-08, 1, 4.222196e-08, 1, -3.2398045e-08, -1, 4.2221956e-08, 5.7620454e-08, 2, 0, 4)

[node name="roomwall18" parent="Geometry" instance=ExtResource("1_mbk1p")]
transform = Transform3D(5.7620454e-08, 3.239805e-08, 1, 4.222196e-08, 1, -3.2398045e-08, -1, 4.2221956e-08, 5.7620454e-08, 0, 0, 4)

[node name="roomwall19" parent="Geometry" instance=ExtResource("1_mbk1p")]
transform = Transform3D(5.7620454e-08, 3.239805e-08, 1, 4.222196e-08, 1, -3.2398045e-08, -1, 4.2221956e-08, 5.7620454e-08, -2, 0, 4)

[node name="roomwall20" parent="Geometry" instance=ExtResource("1_mbk1p")]
transform = Transform3D(5.7620454e-08, 3.239805e-08, 1, 4.222196e-08, 1, -3.2398045e-08, -1, 4.2221956e-08, 5.7620454e-08, -4, 0, 2)

[node name="roomwall2" parent="Geometry" instance=ExtResource("1_mbk1p")]
transform = Transform3D(1, 0, 0, 0, 1, 0, 0, 0, 1, -6, 0, 2)

[node name="roomwall3" parent="Geometry" instance=ExtResource("1_mbk1p")]
transform = Transform3D(1, 0, 0, 0, 1, 0, 0, 0, 1, -4, 0, 4)

[node name="roomwall_cornercap" parent="Geometry" instance=ExtResource("3_w6a1i")]
transform = Transform3D(1, 0, 0, 0, 1, 0, 0, 0, 1, -4, 0, 2)

[node name="roomwall_cornercap2" parent="Geometry" instance=ExtResource("3_w6a1i")]
transform = Transform3D(-4.371139e-08, 0, -1, 0, 1, 0, 1, 0, -4.371139e-08, -4, 0, -2)

[node name="roomwall_cornercap3" parent="Geometry" instance=ExtResource("3_w6a1i")]
transform = Transform3D(-4.371139e-08, 0, -1, 0, 1, 0, 1, 0, -4.371139e-08, 0, 0, -4)

[node name="roomwall_cornercap4" parent="Geometry" instance=ExtResource("3_w6a1i")]
transform = Transform3D(1.3113416e-07, 0, 1, 0, 1, 0, -1, 0, 1.3113416e-07, 6, 0, 0)

[node name="simplefloor" parent="Geometry" instance=ExtResource("4_2lquy")]

[node name="simplefloor2" parent="Geometry" instance=ExtResource("4_2lquy")]
transform = Transform3D(1, 0, 0, 0, 1, 0, 0, 0, 1, -2, 0, 0)

[node name="simplefloor3" parent="Geometry" instance=ExtResource("4_2lquy")]
transform = Transform3D(1, 0, 0, 0, 1, 0, 0, 0, 1, -4, 0, 0)

[node name="simplefloor4" parent="Geometry" instance=ExtResource("4_2lquy")]
transform = Transform3D(1, 0, 0, 0, 1, 0, 0, 0, 1, -6, 0, 0)

[node name="simplefloor5" parent="Geometry" instance=ExtResource("4_2lquy")]
transform = Transform3D(1, 0, 0, 0, 1, 0, 0, 0, 1, -6, 0, 2)

[node name="simplefloor6" parent="Geometry" instance=ExtResource("4_2lquy")]
transform = Transform3D(1, 0, 0, 0, 1, 0, 0, 0, 1, -4, 0, 2)

[node name="simplefloor7" parent="Geometry" instance=ExtResource("4_2lquy")]
transform = Transform3D(1, 0, 0, 0, 1, 0, 0, 0, 1, -4, 0, 4)

[node name="simplefloor8" parent="Geometry" instance=ExtResource("4_2lquy")]
transform = Transform3D(1, 0, 0, 0, 1, 0, 0, 0, 1, -2, 0, 4)

[node name="simplefloor9" parent="Geometry" instance=ExtResource("4_2lquy")]
transform = Transform3D(1, 0, 0, 0, 1, 0, 0, 0, 1, -2, 0, 2)

[node name="simplefloor10" parent="Geometry" instance=ExtResource("4_2lquy")]
transform = Transform3D(1, 0, 0, 0, 1, 0, 0, 0, 1, 0, 0, 2)

[node name="simplefloor11" parent="Geometry" instance=ExtResource("4_2lquy")]
transform = Transform3D(1, 0, 0, 0, 1, 0, 0, 0, 1, 0, 0, 4)

[node name="simplefloor12" parent="Geometry" instance=ExtResource("4_2lquy")]
transform = Transform3D(1, 0, 0, 0, 1, 0, 0, 0, 1, 2, 0, 4)

[node name="simplefloor13" parent="Geometry" instance=ExtResource("4_2lquy")]
transform = Transform3D(1, 0, 0, 0, 1, 0, 0, 0, 1, 4, 0, 4)

[node name="simplefloor14" parent="Geometry" instance=ExtResource("4_2lquy")]
transform = Transform3D(1, 0, 0, 0, 1, 0, 0, 0, 1, 4, 0, 2)

[node name="simplefloor15" parent="Geometry" instance=ExtResource("4_2lquy")]
transform = Transform3D(1, 0, 0, 0, 1, 0, 0, 0, 1, 2, 0, 2)

[node name="simplefloor16" parent="Geometry" instance=ExtResource("4_2lquy")]
transform = Transform3D(1, 0, 0, 0, 1, 0, 0, 0, 1, 2, 0, 0)

[node name="simplefloor17" parent="Geometry" instance=ExtResource("4_2lquy")]
transform = Transform3D(1, 0, 0, 0, 1, 0, 0, 0, 1, 4, 0, 0)

[node name="simplefloor18" parent="Geometry" instance=ExtResource("4_2lquy")]
transform = Transform3D(1, 0, 0, 0, 1, 0, 0, 0, 1, 6, 0, 0)

[node name="simplefloor19" parent="Geometry" instance=ExtResource("4_2lquy")]
transform = Transform3D(1, 0, 0, 0, 1, 0, 0, 0, 1, 6, 0, -2)

[node name="simplefloor20" parent="Geometry" instance=ExtResource("4_2lquy")]
transform = Transform3D(1, 0, 0, 0, 1, 0, 0, 0, 1, 6, 0, -4)

[node name="simplefloor21" parent="Geometry" instance=ExtResource("4_2lquy")]
transform = Transform3D(1, 0, 0, 0, 1, 0, 0, 0, 1, 4, 0, -4)

[node name="simplefloor22" parent="Geometry" instance=ExtResource("4_2lquy")]
transform = Transform3D(1, 0, 0, 0, 1, 0, 0, 0, 1, 4, 0, -2)

[node name="simplefloor23" parent="Geometry" instance=ExtResource("4_2lquy")]
transform = Transform3D(1, 0, 0, 0, 1, 0, 0, 0, 1, 2, 0, -2)

[node name="simplefloor24" parent="Geometry" instance=ExtResource("4_2lquy")]
transform = Transform3D(1, 0, 0, 0, 1, 0, 0, 0, 1, 2, 0, -4)

[node name="simplefloor25" parent="Geometry" instance=ExtResource("4_2lquy")]
transform = Transform3D(1, 0, 0, 0, 1, 0, 0, 0, 1, 0, 0, -4)

[node name="simplefloor26" parent="Geometry" instance=ExtResource("4_2lquy")]
transform = Transform3D(1, 0, 0, 0, 1, 0, 0, 0, 1, 0, 0, -2)

[node name="simplefloor27" parent="Geometry" instance=ExtResource("4_2lquy")]
transform = Transform3D(1, 0, 0, 0, 1, 0, 0, 0, 1, -2, 0, -2)

[node name="simplefloor28" parent="Geometry" instance=ExtResource("4_2lquy")]
transform = Transform3D(1, 0, 0, 0, 1, 0, 0, 0, 1, -4, 0, -2)

[node name="simpleceiling" parent="Geometry" instance=ExtResource("5_nr7pi")]
transform = Transform3D(1, 0, 0, 0, 1, 0, 0, 0, 1, -6, 2.8, 0)

[node name="simpleceiling2" parent="Geometry" instance=ExtResource("5_nr7pi")]
transform = Transform3D(1, 0, 0, 0, 1, 0, 0, 0, 1, -6, 2.8, 2)

[node name="simpleceiling3" parent="Geometry" instance=ExtResource("5_nr7pi")]
transform = Transform3D(1, 0, 0, 0, 1, 0, 0, 0, 1, -4, 2.8, -2)

[node name="simpleceiling4" parent="Geometry" instance=ExtResource("5_nr7pi")]
transform = Transform3D(1, 0, 0, 0, 1, 0, 0, 0, 1, -4, 2.8, 0)

[node name="simpleceiling5" parent="Geometry" instance=ExtResource("5_nr7pi")]
transform = Transform3D(1, 0, 0, 0, 1, 0, 0, 0, 1, -4, 2.8, 2)

[node name="simpleceiling6" parent="Geometry" instance=ExtResource("5_nr7pi")]
transform = Transform3D(1, 0, 0, 0, 1, 0, 0, 0, 1, -4, 2.8, 4)

[node name="simpleceiling7" parent="Geometry" instance=ExtResource("5_nr7pi")]
transform = Transform3D(1, 0, 0, 0, 1, 0, 0, 0, 1, -2, 2.8, -2)

[node name="simpleceiling8" parent="Geometry" instance=ExtResource("5_nr7pi")]
transform = Transform3D(1, 0, 0, 0, 1, 0, 0, 0, 1, -2, 2.8, 0)

[node name="simpleceiling9" parent="Geometry" instance=ExtResource("5_nr7pi")]
transform = Transform3D(1, 0, 0, 0, 1, 0, 0, 0, 1, -2, 2.8, 2)

[node name="simpleceiling10" parent="Geometry" instance=ExtResource("5_nr7pi")]
transform = Transform3D(1, 0, 0, 0, 1, 0, 0, 0, 1, -2, 2.8, 4)

[node name="simpleceiling11" parent="Geometry" instance=ExtResource("5_nr7pi")]
transform = Transform3D(1, 0, 0, 0, 1, 0, 0, 0, 1, 0, 2.8, 4)

[node name="simpleceiling12" parent="Geometry" instance=ExtResource("5_nr7pi")]
transform = Transform3D(1, 0, 0, 0, 1, 0, 0, 0, 1, 0, 2.8, 2)

[node name="simpleceiling13" parent="Geometry" instance=ExtResource("5_nr7pi")]
transform = Transform3D(1, 0, 0, 0, 1, 0, 0, 0, 1, 0, 2.8, -2)

[node name="simpleceiling23" parent="Geometry" instance=ExtResource("5_nr7pi")]
transform = Transform3D(1, 0, 0, 0, 1, 0, 0, 0, 1, 2, 2.8, -2)

[node name="simpleceiling24" parent="Geometry" instance=ExtResource("5_nr7pi")]
transform = Transform3D(1, 0, 0, 0, 1, 0, 0, 0, 1, 4, 2.8, -2)

[node name="simpleceiling25" parent="Geometry" instance=ExtResource("5_nr7pi")]
transform = Transform3D(1, 0, 0, 0, 1, 0, 0, 0, 1, 6, 2.8, -2)

[node name="simpleceiling26" parent="Geometry" instance=ExtResource("5_nr7pi")]
transform = Transform3D(1, 0, 0, 0, 1, 0, 0, 0, 1, 0, 2.8, -4)

[node name="simpleceiling27" parent="Geometry" instance=ExtResource("5_nr7pi")]
transform = Transform3D(1, 0, 0, 0, 1, 0, 0, 0, 1, 2, 2.8, -4)

[node name="simpleceiling28" parent="Geometry" instance=ExtResource("5_nr7pi")]
transform = Transform3D(1, 0, 0, 0, 1, 0, 0, 0, 1, 4, 2.8, -4)

[node name="simpleceiling29" parent="Geometry" instance=ExtResource("5_nr7pi")]
transform = Transform3D(1, 0, 0, 0, 1, 0, 0, 0, 1, 6, 2.8, -4)

[node name="simpleceiling14" parent="Geometry" instance=ExtResource("5_nr7pi")]
transform = Transform3D(1, 0, 0, 0, 1, 0, 0, 0, 1, 0, 2.8, 0)

[node name="simpleceiling15" parent="Geometry" instance=ExtResource("5_nr7pi")]
transform = Transform3D(1, 0, 0, 0, 1, 0, 0, 0, 1, 2, 2.8, 0)

[node name="simpleceiling16" parent="Geometry" instance=ExtResource("5_nr7pi")]
transform = Transform3D(1, 0, 0, 0, 1, 0, 0, 0, 1, 2, 2.8, 2)

[node name="simpleceiling17" parent="Geometry" instance=ExtResource("5_nr7pi")]
transform = Transform3D(1, 0, 0, 0, 1, 0, 0, 0, 1, 2, 2.8, 4)

[node name="simpleceiling18" parent="Geometry" instance=ExtResource("5_nr7pi")]
transform = Transform3D(1, 0, 0, 0, 1, 0, 0, 0, 1, 4, 2.8, 4)

[node name="simpleceiling19" parent="Geometry" instance=ExtResource("5_nr7pi")]
transform = Transform3D(1, 0, 0, 0, 1, 0, 0, 0, 1, 4, 2.8, 2)

[node name="simpleceiling20" parent="Geometry" instance=ExtResource("5_nr7pi")]
transform = Transform3D(1, 0, 0, 0, 1, 0, 0, 0, 1, 4, 2.8, 0)

[node name="simpleceiling21" parent="Geometry" instance=ExtResource("5_nr7pi")]
transform = Transform3D(1, 0, 0, 0, 1, 0, 0, 0, 1, 6, 2.8, 0)

[node name="simpleceiling22" parent="Geometry" instance=ExtResource("5_nr7pi")]
transform = Transform3D(1, 0, 0, 0, 1, 0, 0, 0, 1, 6, 2.8, 0)

[node name="dugneonbuilderterminal2" parent="Geometry" instance=ExtResource("7_2lquy")]
transform = Transform3D(1, 0, 0, 0, 1, 0, 0, 0, 1, 1, 0, 0)

[node name="Door ConfigOptions" parent="Geometry" instance=ExtResource("9_mgtto")]
transform = Transform3D(1, 0, 0, 0, 1, 0, 0, 0, 1, 3, 1, 4)

[node name="Door ConfigOptions2" parent="Geometry" instance=ExtResource("9_mgtto")]
transform = Transform3D(-4.371139e-08, 0, 1, 0, 1, 0, -1, 0, -4.371139e-08, 8, 1, -3)

[node name="Door ConfigOptions3" parent="Geometry" instance=ExtResource("9_mgtto")]
transform = Transform3D(-1, 0, -8.742278e-08, 0, 1, 0, 8.742278e-08, 0, -1, 3, 1, -6)

[node name="Door ConfigOptions4" parent="Geometry" instance=ExtResource("9_mgtto")]
transform = Transform3D(1.3113416e-07, 0, -1, 0, 1, 0, 1, 0, 1.3113416e-07, -6, 1, -1)

[node name="cellbed" parent="Geometry" instance=ExtResource("8_rcr32")]
transform = Transform3D(1, 0, 0, 0, 1, 0, 0, 0, 1, -3.488968, 0.5518298, -2.8278263)

[node name="shapesbox" parent="Geometry" instance=ExtResource("9_3aeuo")]
transform = Transform3D(0.8239878, 0, -0.5666076, 0, 1, 0, 0.5666076, 0, 0.8239878, -2.8780878, 0.6171034, -3.5632086)

[node name="letter_cube_b" parent="Geometry" instance=ExtResource("10_3aeuo")]
transform = Transform3D(0.99995947, 0, -0.009005777, 0, 1, 0, 0.009005777, 0, 0.99995947, -2.8796687, 0.3, -3.5341105)

[node name="letter_cube_b2" parent="Geometry" instance=ExtResource("10_3aeuo")]
transform = Transform3D(0.5528893, -0.83323985, -0.0049794354, 0.009005777, -4.371139e-08, 0.99995947, -0.83320606, -0.5529117, 0.0075039477, -0.07787776, 0.3, -1.2538612)

[node name="letter_cube_b3" parent="Geometry" instance=ExtResource("10_3aeuo")]
transform = Transform3D(1, 0, 0, 0, -4.371139e-08, 1, 0, -1, -4.371139e-08, -0.07787776, 0.7839308, -1.2538612)

[node name="letter_cube_b4" parent="Geometry" instance=ExtResource("10_3aeuo")]
transform = Transform3D(1.1692389e-08, 0.26749068, -0.96356046, 1, -4.371139e-08, 0, -4.2118565e-08, -0.96356046, -0.26749068, -0.07787776, 1.2675447, -1.2538612)

[node name="TrainTrackCross" type="MeshInstance3D" parent="Geometry"]
transform = Transform3D(0.6773639, 0, -0.73564804, 0, 1, 0, 0.73564804, 0, 0.6773639, -1.8851852, 0.051392175, -0.1197871)
material_override = ExtResource("11_4bwta")
mesh = ExtResource("11_cesw3")
skeleton = NodePath("../..")

[node name="StaticBody3D" type="StaticBody3D" parent="Geometry/TrainTrackCross"]

[node name="CollisionShape3D" type="CollisionShape3D" parent="Geometry/TrainTrackCross/StaticBody3D"]
transform = Transform3D(1, 0, 0, 0, 1, 0, 0, 0, 1, 0.0020754337, 0.007354729, 1.1920929e-07)
shape = SubResource("BoxShape3D_4w84r")

[node name="CollisionShape3D2" type="CollisionShape3D" parent="Geometry/TrainTrackCross/StaticBody3D"]
transform = Transform3D(-2.9802322e-08, 0, 0.99999994, 0, 1, 0, -0.99999994, 0, -2.9802322e-08, 0.0020754337, 0.007354729, 0)
shape = SubResource("BoxShape3D_4w84r")

[node name="TrainTrackStraight" type="MeshInstance3D" parent="Geometry"]
transform = Transform3D(0.15527944, 0, 0.9878707, 0, 1, 0, -0.9878707, 0, 0.15527944, -3.8904824, 0.05590988, -1.2653496)
material_override = ExtResource("11_4bwta")
mesh = ExtResource("12_ykiog")
skeleton = NodePath("../..")

[node name="StaticBody3D" type="StaticBody3D" parent="Geometry/TrainTrackStraight"]

[node name="CollisionShape3D" type="CollisionShape3D" parent="Geometry/TrainTrackStraight/StaticBody3D"]
transform = Transform3D(1, 0, 0, 0, 1, 0, 0, 0, 1, 0.0020754337, 0.007354729, 1.1920929e-07)
shape = SubResource("BoxShape3D_4w84r")

[node name="TrainTrackStraight2" type="MeshInstance3D" parent="Geometry"]
transform = Transform3D(0.13191043, 0, 0.9912617, 0, 1, 0, -0.9912617, 0, 0.13191043, 0.18403733, 0.05590976, 0.9258089)
material_override = ExtResource("11_4bwta")
mesh = ExtResource("12_ykiog")
skeleton = NodePath("../..")

[node name="StaticBody3D" type="StaticBody3D" parent="Geometry/TrainTrackStraight2"]

[node name="CollisionShape3D" type="CollisionShape3D" parent="Geometry/TrainTrackStraight2/StaticBody3D"]
transform = Transform3D(1, 0, 0, 0, 1, 0, 0, 0, 1, 0.0020754337, 0.007354729, 1.1920929e-07)
shape = SubResource("BoxShape3D_4w84r")

[node name="TrainTrackTurnLeft" type="MeshInstance3D" parent="Geometry"]
transform = Transform3D(0.1964253, 0, 0.9805189, 0, 1, 0, -0.9805189, 0, 0.1964253, -2.798558, 0.06786899, -0.890486)
material_override = ExtResource("11_4bwta")
mesh = ExtResource("13_4bwta")
skeleton = NodePath("../..")

[node name="StaticBody3D" type="StaticBody3D" parent="Geometry/TrainTrackTurnLeft"]
transform = Transform3D(1, 0, -1.4901161e-08, 0, 1, 0, 1.4901161e-08, 0, 1, 0, -0.015654996, 0)

[node name="CollisionShape3D" type="CollisionShape3D" parent="Geometry/TrainTrackTurnLeft/StaticBody3D"]
transform = Transform3D(0.99937814, 0, -0.035265908, 0, 1, 0, 0.035265908, 0, 0.99937814, 0.16826457, 0.007354729, -0.5096009)
shape = SubResource("BoxShape3D_yaq8p")

[node name="CollisionShape3D2" type="CollisionShape3D" parent="Geometry/TrainTrackTurnLeft/StaticBody3D"]
transform = Transform3D(0.9812021, 0, -0.19298461, 0, 1, 0, 0.19298461, 0, 0.9812021, 0.13128686, 0.007354699, -0.2703495)
shape = SubResource("BoxShape3D_yaq8p")

[node name="CollisionShape3D3" type="CollisionShape3D" parent="Geometry/TrainTrackTurnLeft/StaticBody3D"]
transform = Transform3D(0.9442964, 0, -0.32909775, 0, 1, 0, 0.32909775, 0, 0.9442964, 0.07017887, 0.0073546395, -0.03638029)
shape = SubResource("BoxShape3D_yaq8p")

[node name="CollisionShape3D4" type="CollisionShape3D" parent="Geometry/TrainTrackTurnLeft/StaticBody3D"]
transform = Transform3D(0.90716946, 0, -0.42076707, 0, 1, 0, 0.42076707, 0, 0.90716946, -0.0082707405, 0.0073546395, 0.17018867)
shape = SubResource("BoxShape3D_yaq8p")

[node name="CollisionShape3D5" type="CollisionShape3D" parent="Geometry/TrainTrackTurnLeft/StaticBody3D"]
transform = Transform3D(0.8547857, 0, -0.51898277, 0, 1, 0, 0.51898277, 0, 0.8547857, -0.09973854, 0.0073546395, 0.364038)
shape = SubResource("BoxShape3D_yaq8p")

[node name="CollisionShape3D6" type="CollisionShape3D" parent="Geometry/TrainTrackTurnLeft/StaticBody3D"]
transform = Transform3D(0.80153614, 0, -0.59794766, 0, 1, 0, 0.59794766, 0, 0.80153614, -0.20498937, 0.0073546395, 0.5302069)
shape = SubResource("BoxShape3D_yaq8p")

[node name="TrainTrackTurnLeft2" type="MeshInstance3D" parent="Geometry"]
transform = Transform3D(0.9916802, 0, -0.12872638, 0, 1, 0, 0.12872638, 0, 0.9916802, -1.1535623, 0.067237735, -1.059485)
material_override = ExtResource("11_4bwta")
mesh = ExtResource("13_4bwta")
skeleton = NodePath("../..")

[node name="StaticBody3D" type="StaticBody3D" parent="Geometry/TrainTrackTurnLeft2"]
transform = Transform3D(1, 0, 0, 0, 1, 0, 0, 0, 1, 0, -0.015062511, 0)

[node name="CollisionShape3D" type="CollisionShape3D" parent="Geometry/TrainTrackTurnLeft2/StaticBody3D"]
transform = Transform3D(0.99937814, 0, -0.035265908, 0, 1, 0, 0.035265908, 0, 0.99937814, 0.16826457, 0.007354729, -0.5096009)
shape = SubResource("BoxShape3D_yaq8p")

[node name="CollisionShape3D2" type="CollisionShape3D" parent="Geometry/TrainTrackTurnLeft2/StaticBody3D"]
transform = Transform3D(0.9812021, 0, -0.19298461, 0, 1, 0, 0.19298461, 0, 0.9812021, 0.13128686, 0.007354699, -0.2703495)
shape = SubResource("BoxShape3D_yaq8p")

[node name="CollisionShape3D3" type="CollisionShape3D" parent="Geometry/TrainTrackTurnLeft2/StaticBody3D"]
transform = Transform3D(0.9442964, 0, -0.32909775, 0, 1, 0, 0.32909775, 0, 0.9442964, 0.07017887, 0.0073546395, -0.03638029)
shape = SubResource("BoxShape3D_yaq8p")

[node name="CollisionShape3D4" type="CollisionShape3D" parent="Geometry/TrainTrackTurnLeft2/StaticBody3D"]
transform = Transform3D(0.90716946, 0, -0.42076707, 0, 1, 0, 0.42076707, 0, 0.90716946, -0.0082707405, 0.0073546395, 0.17018867)
shape = SubResource("BoxShape3D_yaq8p")

[node name="CollisionShape3D5" type="CollisionShape3D" parent="Geometry/TrainTrackTurnLeft2/StaticBody3D"]
transform = Transform3D(0.8547857, 0, -0.51898277, 0, 1, 0, 0.51898277, 0, 0.8547857, -0.09973854, 0.0073546395, 0.364038)
shape = SubResource("BoxShape3D_yaq8p")

[node name="CollisionShape3D6" type="CollisionShape3D" parent="Geometry/TrainTrackTurnLeft2/StaticBody3D"]
transform = Transform3D(0.80153614, 0, -0.59794766, 0, 1, 0, 0.59794766, 0, 0.80153614, -0.20498937, 0.0073546395, 0.5302069)
shape = SubResource("BoxShape3D_yaq8p")

[node name="TrainTrackTurnLeft3" type="MeshInstance3D" parent="Geometry"]
transform = Transform3D(0.99632454, 0, -0.085660465, 0, 1, 0, 0.085660465, 0, 0.99632454, 1.1400021, 0.067237735, -4.393121)
material_override = ExtResource("11_4bwta")
mesh = ExtResource("13_4bwta")
skeleton = NodePath("../..")

[node name="StaticBody3D" type="StaticBody3D" parent="Geometry/TrainTrackTurnLeft3"]
transform = Transform3D(0.99999994, 0, 0, 0, 1, 0, 0, 0, 0.99999994, 0, -0.012698352, 0)

[node name="CollisionShape3D" type="CollisionShape3D" parent="Geometry/TrainTrackTurnLeft3/StaticBody3D"]
transform = Transform3D(0.99937814, 0, -0.035265908, 0, 1, 0, 0.035265908, 0, 0.99937814, 0.16826457, 0.007354729, -0.5096009)
shape = SubResource("BoxShape3D_yaq8p")

[node name="CollisionShape3D2" type="CollisionShape3D" parent="Geometry/TrainTrackTurnLeft3/StaticBody3D"]
transform = Transform3D(0.9812021, 0, -0.19298461, 0, 1, 0, 0.19298461, 0, 0.9812021, 0.13128686, 0.007354699, -0.2703495)
shape = SubResource("BoxShape3D_yaq8p")

[node name="CollisionShape3D3" type="CollisionShape3D" parent="Geometry/TrainTrackTurnLeft3/StaticBody3D"]
transform = Transform3D(0.9442964, 0, -0.32909775, 0, 1, 0, 0.32909775, 0, 0.9442964, 0.07017887, 0.0073546395, -0.03638029)
shape = SubResource("BoxShape3D_yaq8p")

[node name="CollisionShape3D4" type="CollisionShape3D" parent="Geometry/TrainTrackTurnLeft3/StaticBody3D"]
transform = Transform3D(0.90716946, 0, -0.42076707, 0, 1, 0, 0.42076707, 0, 0.90716946, -0.0082707405, 0.0073546395, 0.17018867)
shape = SubResource("BoxShape3D_yaq8p")

[node name="CollisionShape3D5" type="CollisionShape3D" parent="Geometry/TrainTrackTurnLeft3/StaticBody3D"]
transform = Transform3D(0.8547857, 0, -0.51898277, 0, 1, 0, 0.51898277, 0, 0.8547857, -0.09973854, 0.0073546395, 0.364038)
shape = SubResource("BoxShape3D_yaq8p")

[node name="CollisionShape3D6" type="CollisionShape3D" parent="Geometry/TrainTrackTurnLeft3/StaticBody3D"]
transform = Transform3D(0.80153614, 0, -0.59794766, 0, 1, 0, 0.59794766, 0, 0.80153614, -0.20498937, 0.0073546395, 0.5302069)
shape = SubResource("BoxShape3D_yaq8p")

[node name="TrainTrackTurnRight" type="MeshInstance3D" parent="Geometry"]
transform = Transform3D(0.11408752, 0, 0.99347067, 0, 1, 0, -0.99347067, 0, 0.11408752, -0.9739096, 0.06446788, 0.59215295)
material_override = ExtResource("11_4bwta")
mesh = ExtResource("15_qi0mj")
skeleton = NodePath("../..")

[node name="StaticBody3D" type="StaticBody3D" parent="Geometry/TrainTrackTurnRight"]
transform = Transform3D(-1, 0, -8.940697e-08, 0, 1, 0, 8.940697e-08, 0, -1, -0.006078005, -0.010165155, 0.03361559)

[node name="CollisionShape3D" type="CollisionShape3D" parent="Geometry/TrainTrackTurnRight/StaticBody3D"]
transform = Transform3D(0.99937814, 0, -0.035265908, 0, 1, 0, 0.035265908, 0, 0.99937814, 0.16826457, 0.007354729, -0.5096009)
shape = SubResource("BoxShape3D_yaq8p")

[node name="CollisionShape3D2" type="CollisionShape3D" parent="Geometry/TrainTrackTurnRight/StaticBody3D"]
transform = Transform3D(0.9812021, 0, -0.19298461, 0, 1, 0, 0.19298461, 0, 0.9812021, 0.13128686, 0.007354699, -0.2703495)
shape = SubResource("BoxShape3D_yaq8p")

[node name="CollisionShape3D3" type="CollisionShape3D" parent="Geometry/TrainTrackTurnRight/StaticBody3D"]
transform = Transform3D(0.9442964, 0, -0.32909775, 0, 1, 0, 0.32909775, 0, 0.9442964, 0.07017887, 0.0073546395, -0.03638029)
shape = SubResource("BoxShape3D_yaq8p")

[node name="CollisionShape3D4" type="CollisionShape3D" parent="Geometry/TrainTrackTurnRight/StaticBody3D"]
transform = Transform3D(0.90716946, 0, -0.42076707, 0, 1, 0, 0.42076707, 0, 0.90716946, -0.0082707405, 0.0073546395, 0.17018867)
shape = SubResource("BoxShape3D_yaq8p")

[node name="CollisionShape3D5" type="CollisionShape3D" parent="Geometry/TrainTrackTurnRight/StaticBody3D"]
transform = Transform3D(0.8547857, 0, -0.51898277, 0, 1, 0, 0.51898277, 0, 0.8547857, -0.09973854, 0.0073546395, 0.364038)
shape = SubResource("BoxShape3D_yaq8p")

[node name="CollisionShape3D6" type="CollisionShape3D" parent="Geometry/TrainTrackTurnRight/StaticBody3D"]
transform = Transform3D(0.80153614, 0, -0.59794766, 0, 1, 0, 0.59794766, 0, 0.80153614, -0.20498937, 0.0073546395, 0.5302069)
shape = SubResource("BoxShape3D_yaq8p")

[node name="TrainTrackTurnRight3" type="MeshInstance3D" parent="Geometry"]
transform = Transform3D(0.99123853, 0, -0.1320835, 0, 1, 0, 0.1320835, 0, 0.99123853, -0.620293, 0.06446788, -2.3324437)
material_override = ExtResource("11_4bwta")
mesh = ExtResource("15_qi0mj")
skeleton = NodePath("../..")

[node name="StaticBody3D" type="StaticBody3D" parent="Geometry/TrainTrackTurnRight3"]
transform = Transform3D(-1, 0, -8.940697e-08, 0, 1, 0, 8.940697e-08, 0, -1, -0.006078124, -0.014757961, 0.03361559)

[node name="CollisionShape3D" type="CollisionShape3D" parent="Geometry/TrainTrackTurnRight3/StaticBody3D"]
transform = Transform3D(0.99937814, 0, -0.035265908, 0, 1, 0, 0.035265908, 0, 0.99937814, 0.16826457, 0.007354729, -0.5096009)
shape = SubResource("BoxShape3D_yaq8p")

[node name="CollisionShape3D2" type="CollisionShape3D" parent="Geometry/TrainTrackTurnRight3/StaticBody3D"]
transform = Transform3D(0.9812021, 0, -0.19298461, 0, 1, 0, 0.19298461, 0, 0.9812021, 0.13128686, 0.007354699, -0.2703495)
shape = SubResource("BoxShape3D_yaq8p")

[node name="CollisionShape3D3" type="CollisionShape3D" parent="Geometry/TrainTrackTurnRight3/StaticBody3D"]
transform = Transform3D(0.9442964, 0, -0.32909775, 0, 1, 0, 0.32909775, 0, 0.9442964, 0.07017887, 0.0073546395, -0.03638029)
shape = SubResource("BoxShape3D_yaq8p")

[node name="CollisionShape3D4" type="CollisionShape3D" parent="Geometry/TrainTrackTurnRight3/StaticBody3D"]
transform = Transform3D(0.90716946, 0, -0.42076707, 0, 1, 0, 0.42076707, 0, 0.90716946, -0.0082707405, 0.0073546395, 0.17018867)
shape = SubResource("BoxShape3D_yaq8p")

[node name="CollisionShape3D5" type="CollisionShape3D" parent="Geometry/TrainTrackTurnRight3/StaticBody3D"]
transform = Transform3D(0.8547857, 0, -0.51898277, 0, 1, 0, 0.51898277, 0, 0.8547857, -0.09973854, 0.0073546395, 0.364038)
shape = SubResource("BoxShape3D_yaq8p")

[node name="CollisionShape3D6" type="CollisionShape3D" parent="Geometry/TrainTrackTurnRight3/StaticBody3D"]
transform = Transform3D(0.80153614, 0, -0.59794766, 0, 1, 0, 0.59794766, 0, 0.80153614, -0.20498937, 0.0073546395, 0.5302069)
shape = SubResource("BoxShape3D_yaq8p")

[node name="TrainTrackTurnRight4" type="MeshInstance3D" parent="Geometry"]
transform = Transform3D(-0.07168905, 0, -0.997427, 0, 1, 0, 0.997427, 0, -0.07168905, 1.6730931, 0.06446788, -3.1307855)
material_override = ExtResource("11_4bwta")
mesh = ExtResource("15_qi0mj")
skeleton = NodePath("../..")

[node name="StaticBody3D" type="StaticBody3D" parent="Geometry/TrainTrackTurnRight4"]
transform = Transform3D(-1, 0, -8.940697e-08, 0, 1, 0, 8.940697e-08, 0, -1, -0.0060782433, -0.015395731, 0.03361553)

[node name="CollisionShape3D" type="CollisionShape3D" parent="Geometry/TrainTrackTurnRight4/StaticBody3D"]
transform = Transform3D(0.99937814, 0, -0.035265908, 0, 1, 0, 0.035265908, 0, 0.99937814, 0.16826457, 0.007354729, -0.5096009)
shape = SubResource("BoxShape3D_yaq8p")

[node name="CollisionShape3D2" type="CollisionShape3D" parent="Geometry/TrainTrackTurnRight4/StaticBody3D"]
transform = Transform3D(0.9812021, 0, -0.19298461, 0, 1, 0, 0.19298461, 0, 0.9812021, 0.13128686, 0.007354699, -0.2703495)
shape = SubResource("BoxShape3D_yaq8p")

[node name="CollisionShape3D3" type="CollisionShape3D" parent="Geometry/TrainTrackTurnRight4/StaticBody3D"]
transform = Transform3D(0.9442964, 0, -0.32909775, 0, 1, 0, 0.32909775, 0, 0.9442964, 0.07017887, 0.0073546395, -0.03638029)
shape = SubResource("BoxShape3D_yaq8p")

[node name="CollisionShape3D4" type="CollisionShape3D" parent="Geometry/TrainTrackTurnRight4/StaticBody3D"]
transform = Transform3D(0.90716946, 0, -0.42076707, 0, 1, 0, 0.42076707, 0, 0.90716946, -0.0082707405, 0.0073546395, 0.17018867)
shape = SubResource("BoxShape3D_yaq8p")

[node name="CollisionShape3D5" type="CollisionShape3D" parent="Geometry/TrainTrackTurnRight4/StaticBody3D"]
transform = Transform3D(0.8547857, 0, -0.51898277, 0, 1, 0, 0.51898277, 0, 0.8547857, -0.09973854, 0.0073546395, 0.364038)
shape = SubResource("BoxShape3D_yaq8p")

[node name="CollisionShape3D6" type="CollisionShape3D" parent="Geometry/TrainTrackTurnRight4/StaticBody3D"]
transform = Transform3D(0.80153614, 0, -0.59794766, 0, 1, 0, 0.59794766, 0, 0.80153614, -0.20498937, 0.0073546395, 0.5302069)
shape = SubResource("BoxShape3D_yaq8p")

[node name="TrainTrackTurnRight5" type="MeshInstance3D" parent="Geometry"]
transform = Transform3D(-0.674238, 0, -0.7385141, 0, 1, 0, 0.7385141, 0, -0.674238, 2.6239762, 0.06446788, -2.2205062)
material_override = ExtResource("11_4bwta")
mesh = ExtResource("15_qi0mj")
skeleton = NodePath("../..")

[node name="StaticBody3D" type="StaticBody3D" parent="Geometry/TrainTrackTurnRight5"]
transform = Transform3D(-1, 0, -8.940697e-08, 0, 1, 0, 8.940697e-08, 0, -1, -0.006078005, -0.017041624, 0.03361565)

[node name="CollisionShape3D" type="CollisionShape3D" parent="Geometry/TrainTrackTurnRight5/StaticBody3D"]
transform = Transform3D(0.99937814, 0, -0.035265908, 0, 1, 0, 0.035265908, 0, 0.99937814, 0.16826457, 0.007354729, -0.5096009)
shape = SubResource("BoxShape3D_yaq8p")

[node name="CollisionShape3D2" type="CollisionShape3D" parent="Geometry/TrainTrackTurnRight5/StaticBody3D"]
transform = Transform3D(0.9812021, 0, -0.19298461, 0, 1, 0, 0.19298461, 0, 0.9812021, 0.13128686, 0.007354699, -0.2703495)
shape = SubResource("BoxShape3D_yaq8p")

[node name="CollisionShape3D3" type="CollisionShape3D" parent="Geometry/TrainTrackTurnRight5/StaticBody3D"]
transform = Transform3D(0.9442964, 0, -0.32909775, 0, 1, 0, 0.32909775, 0, 0.9442964, 0.07017887, 0.0073546395, -0.03638029)
shape = SubResource("BoxShape3D_yaq8p")

[node name="CollisionShape3D4" type="CollisionShape3D" parent="Geometry/TrainTrackTurnRight5/StaticBody3D"]
transform = Transform3D(0.90716946, 0, -0.42076707, 0, 1, 0, 0.42076707, 0, 0.90716946, -0.0082707405, 0.0073546395, 0.17018867)
shape = SubResource("BoxShape3D_yaq8p")

[node name="CollisionShape3D5" type="CollisionShape3D" parent="Geometry/TrainTrackTurnRight5/StaticBody3D"]
transform = Transform3D(0.8547857, 0, -0.51898277, 0, 1, 0, 0.51898277, 0, 0.8547857, -0.09973854, 0.0073546395, 0.364038)
shape = SubResource("BoxShape3D_yaq8p")

[node name="CollisionShape3D6" type="CollisionShape3D" parent="Geometry/TrainTrackTurnRight5/StaticBody3D"]
transform = Transform3D(0.80153614, 0, -0.59794766, 0, 1, 0, 0.59794766, 0, 0.80153614, -0.20498937, 0.0073546395, 0.5302069)
shape = SubResource("BoxShape3D_yaq8p")

[node name="TrainTrackTurnRight6" type="MeshInstance3D" parent="Geometry"]
transform = Transform3D(-0.9642668, 0, 0.26493356, 0, 1, 0, -0.26493356, 0, -0.9642668, 2.4075053, 0.06446788, 0.14747465)
material_override = ExtResource("11_4bwta")
mesh = ExtResource("15_qi0mj")
skeleton = NodePath("../..")

[node name="StaticBody3D" type="StaticBody3D" parent="Geometry/TrainTrackTurnRight6"]
transform = Transform3D(-0.99999994, 0, -8.940697e-08, 0, 1, 0, 8.940697e-08, 0, -0.99999994, -0.006078124, -0.017313719, 0.03361547)

[node name="CollisionShape3D" type="CollisionShape3D" parent="Geometry/TrainTrackTurnRight6/StaticBody3D"]
transform = Transform3D(0.99937814, 0, -0.035265908, 0, 1, 0, 0.035265908, 0, 0.99937814, 0.16826457, 0.007354729, -0.5096009)
shape = SubResource("BoxShape3D_yaq8p")

[node name="CollisionShape3D2" type="CollisionShape3D" parent="Geometry/TrainTrackTurnRight6/StaticBody3D"]
transform = Transform3D(0.9812021, 0, -0.19298461, 0, 1, 0, 0.19298461, 0, 0.9812021, 0.13128686, 0.007354699, -0.2703495)
shape = SubResource("BoxShape3D_yaq8p")

[node name="CollisionShape3D3" type="CollisionShape3D" parent="Geometry/TrainTrackTurnRight6/StaticBody3D"]
transform = Transform3D(0.9442964, 0, -0.32909775, 0, 1, 0, 0.32909775, 0, 0.9442964, 0.07017887, 0.0073546395, -0.03638029)
shape = SubResource("BoxShape3D_yaq8p")

[node name="CollisionShape3D4" type="CollisionShape3D" parent="Geometry/TrainTrackTurnRight6/StaticBody3D"]
transform = Transform3D(0.90716946, 0, -0.42076707, 0, 1, 0, 0.42076707, 0, 0.90716946, -0.0082707405, 0.0073546395, 0.17018867)
shape = SubResource("BoxShape3D_yaq8p")

[node name="CollisionShape3D5" type="CollisionShape3D" parent="Geometry/TrainTrackTurnRight6/StaticBody3D"]
transform = Transform3D(0.8547857, 0, -0.51898277, 0, 1, 0, 0.51898277, 0, 0.8547857, -0.09973854, 0.0073546395, 0.364038)
shape = SubResource("BoxShape3D_yaq8p")

[node name="CollisionShape3D6" type="CollisionShape3D" parent="Geometry/TrainTrackTurnRight6/StaticBody3D"]
transform = Transform3D(0.80153614, 0, -0.59794766, 0, 1, 0, 0.59794766, 0, 0.80153614, -0.20498937, 0.0073546395, 0.5302069)
shape = SubResource("BoxShape3D_yaq8p")

[node name="TrainTrackTurnRight2" type="MeshInstance3D" parent="Geometry"]
transform = Transform3D(-0.5630357, 0, 0.82643235, 0, 1, 0, -0.82643235, 0, -0.5630357, 1.3238101, 0.07744239, 0.87728167)
material_override = ExtResource("11_4bwta")
mesh = ExtResource("15_qi0mj")
skeleton = NodePath("../..")

