[gd_scene format=3 uid="uid://cjduvtbggfby1"]

[ext_resource type="PackedScene" uid="uid://kf6tycunr25q" path="res://scenes/rooms/meshes/roomwall.blend" id="1_mbk1p"]
[ext_resource type="Script" uid="uid://b4o2hlt1k23lm" path="res://scripts/reps/room3d.gd" id="1_rcr32"]
[ext_resource type="PackedScene" uid="uid://dnallaxvdf31p" path="res://scenes/rooms/meshes/roomwall_cornercap.blend" id="3_w6a1i"]
[ext_resource type="PackedScene" uid="uid://dckwsfoqyd7yd" path="res://scenes/rooms/meshes/simplefloor.glb" id="4_2lquy"]
[ext_resource type="PackedScene" uid="uid://yhe2m0onfh4t" path="res://scenes/rooms/meshes/simpleceiling.glb" id="5_nr7pi"]
[ext_resource type="PackedScene" uid="uid://bhppd8cxmo4ig" path="res://scenes/dugneonbuilderterminal.tscn" id="7_2lquy"]
[ext_resource type="PackedScene" uid="uid://doeo8ac0nh3yn" path="res://scenes/rooms/meshes/shapesbox.tscn" id="9_3aeuo"]
[ext_resource type="PackedScene" uid="uid://byswj0ob7y5no" path="res://scenes/rooms/parts/door_config_block_to_dirt.tscn" id="9_mgtto"]
[ext_resource type="PackedScene" uid="uid://jq56lhg4qvqv" path="res://scenes/rooms/meshes/props/letter_cube_b.tscn" id="10_3aeuo"]
[ext_resource type="Material" uid="uid://c07yxcnw5ahtq" path="res://textures/wood-textures/track-wood.tres" id="11_4bwta"]
[ext_resource type="ArrayMesh" uid="uid://b0bosmlyilg72" path="res://scenes/rooms/meshes/props/train_track_cross.obj" id="11_cesw3"]
[ext_resource type="ArrayMesh" uid="uid://d2jl4wr7f23pl" path="res://scenes/rooms/meshes/props/train_track_straight.obj" id="12_ykiog"]
[ext_resource type="ArrayMesh" uid="uid://oob66sql271m" path="res://scenes/rooms/meshes/props/train_track_turn_left.obj" id="13_4bwta"]
[ext_resource type="ArrayMesh" uid="uid://cjoy3pfwroyr" path="res://scenes/rooms/meshes/props/train_track_turn_right.obj" id="15_qi0mj"]
[ext_resource type="ArrayMesh" uid="uid://wp0ll48ral2d" path="res://scenes/rooms/meshes/props/train_track_branch_right.obj" id="16_5kki3"]
[ext_resource type="Script" uid="uid://cfiu5ok0cmhx" path="res://scripts/reps/track.gd" id="16_skexp"]
[ext_resource type="ArrayMesh" uid="uid://bu3rtrk45k8qd" path="res://scenes/rooms/meshes/props/train_track_turn_right_short.obj" id="17_1simb"]
[ext_resource type="ArrayMesh" uid="uid://dxbrmfbvxsvvu" path="res://scenes/rooms/meshes/props/train_track_turn_left_short.obj" id="17_pkgjf"]
[ext_resource type="ArrayMesh" uid="uid://0pyerm2wjf2s" path="res://scenes/rooms/meshes/props/train_track_ramp.obj" id="19_7l70u"]
[ext_resource type="ArrayMesh" uid="uid://blfmsbpic0cui" path="res://scenes/rooms/meshes/props/train_track_stop.obj" id="20_4w84r"]
[ext_resource type="PackedScene" uid="uid://ba501yapmfmai" path="res://scenes/rooms/meshes/props/train_engine.tscn" id="21_yaq8p"]
[ext_resource type="ArrayMesh" uid="uid://b2arbjpfph4se" path="res://scenes/rooms/meshes/props/childbed.obj" id="22_skexp"]
[ext_resource type="Script" uid="uid://dgdxbhstll5op" path="res://scripts/reps/rest_interactable.gd" id="23_2bkd8"]
[ext_resource type="ArrayMesh" uid="uid://m3q05pb8v7wb" path="res://scenes/rooms/meshes/props/teddy.obj" id="24_ig47d"]
[ext_resource type="Material" uid="uid://p4bi8vyf42b0" path="res://scenes/rooms/meshes/props/teddy.material" id="25_p6dlg"]

[sub_resource type="BoxShape3D" id="BoxShape3D_2bkd8"]
size = Vector3(0.35327148, 0.09753418, 0.49414063)

[sub_resource type="BoxShape3D" id="BoxShape3D_ig47d"]
size = Vector3(0.33410645, 0.2144165, 0.13392639)

[sub_resource type="ConvexPolygonShape3D" id="ConvexPolygonShape3D_4w84r"]
points = PackedVector3Array(0.17717749, -0.03487605, 0.34396052, 0.17717749, -0.04122883, 0.34396052, 0.17717749, 0.04877704, -0.052063882, 0.17214128, -0.029874092, 0.34396052, 0.17214128, -0.046221, 0.34396052, 0.17717749, -0.04122883, -0.052063882, 0.17214128, 0.04877704, -0.057058595, 0.17214128, 0.053769212, -0.052063882, -0.1678548, -0.029874092, 0.34396052, -0.1678548, -0.046221, 0.34396052, 0.17214128, -0.046221, -0.052063882, 0.17214128, -0.04122883, -0.057058595, 0.037499547, 0.053769212, -0.1674058, -0.1678548, 0.053769212, -0.052063882, -0.16984189, -0.03187096, 0.34396052, -0.1728225, -0.04122883, 0.34396052, -0.1678548, -0.046221, -0.052063882, 0.037499547, -0.046221, -0.1674058, 0.021294564, 0.053769212, -0.1782706, -0.1728225, 0.04877704, -0.052063882, -0.033213064, 0.053769212, -0.1674058, -0.1678548, 0.04877704, -0.057058595, -0.1728225, -0.03487605, 0.34396052, -0.1728225, -0.04122883, -0.052063882, -0.1678548, -0.04122883, -0.057058595, -0.033213064, -0.046221, -0.1674058, 0.021294564, -0.046221, -0.1782706, 0.002143234, 0.053769212, -0.1820295, -0.016973838, 0.053769212, -0.1782706, -0.016973838, -0.046221, -0.1782706, 0.002143234, -0.046221, -0.1820295)

[sub_resource type="BoxShape3D" id="BoxShape3D_yaq8p"]
size = Vector3(0.35620117, 0.09100342, 0.2763672)

[sub_resource type="BoxShape3D" id="BoxShape3D_skexp"]
size = Vector3(0.3585205, 0.1038208, 1.3967133)

[sub_resource type="BoxShape3D" id="BoxShape3D_4w84r"]
size = Vector3(0.35620117, 0.09100342, 1)

[sub_resource type="Curve3D" id="Curve3D_yaq8p"]
_data = {
"points": PackedVector3Array(0.47172987, 0.009517312, -0.0885129, -0.472, 0, 0.089, 1.4528941, 8.3088875e-05, -1.2690918, 0.316, 0, -0.428, -0.316, 0, 0.428, 0.26530755, 0.00031858683, -0.58485705, 0.033, 0, -0.459, -0.033, 0, 0.459, -0.192, 0, 0.654, -0.189, 0, -0.39, 0.189, 0, 0.39, -0.006, 0, 1.803, -0.372, 0, -0.153, 0.372, 0, 0.153, 0.913, 0, 2.806, -0.473, 0, 0.046, 0.473, 0, -0.046, 2.261434, 6.181002e-05, 3.02712, -0.327, 0, 0.524, 0.3271749, 0.020608187, -0.5235064, 3.373, 0, 2.221),
"tilts": PackedFloat32Array(0, 0, 0, 0, 0, 0, 0)
}
point_count = 7
up_vector_enabled = false

[sub_resource type="Curve3D" id="Curve3D_skexp"]
_data = {
"points": PackedVector3Array(0, 0, 0, 0, 0, 0, 0.6623919, -3.695488e-06, 0.9874121, 0.771, 0, 0.11, -0.771, 0, -0.11, -0.337, 0, 0.857, 0, 0, 0, 0, 0, 0, -1.5474029, 3.1888485e-05, 0.24931765, 0.39047718, -0.00040233135, 0.41383025, -0.39047718, 0.00040233135, -0.41383025, -2.226, 0, -0.494, 0.559, 0, 0.111, -0.559, 0, -0.111, -3.406054, -0.00010532141, -1.1970562, 0.63, 0, 0.084, -0.63, 0, -0.084, -4.403, 0, -1.35, 0.416, 0, -0.189, -0.4155984, -0.008059502, 0.18895495, -5.535, 0, -1.196),
"tilts": PackedFloat32Array(0, 0, 0, 0, 0, 0, 0)
}
point_count = 7

[sub_resource type="Curve3D" id="Curve3D_2bkd8"]
_data = {
"points": PackedVector3Array(0.3392805, 6.508827e-05, -0.35210705, -0.3392805, -6.508827e-05, 0.35210705, 1.6928277, 2.1338463e-05, -2.150851, 0.122, 0, -0.578, -0.122, 0, 0.578, 1.0598105, 8.666515e-05, -0.9551576, 0.33933544, -0.000497669, -0.34218866, -0.33933544, 0.000497669, 0.34218866, 0.44148922, -0.00016394258, 0.26920766, 0, 0, 0, 0, 0, 0, -0.301, 0, 0.949, 0, 0, 0, 0, 0, 0, -0.62, -0.05, 1.24, 0, 0, 0, 0, 0, 0, -0.862, -0.05, 1.47),
"tilts": PackedFloat32Array(0, 0, 0, 0, 0, 0)
}
point_count = 6
up_vector_enabled = false

[sub_resource type="Curve3D" id="Curve3D_ig47d"]
_data = {
"points": PackedVector3Array(0, 0, 0, 0, 0, 0, -1.0397307, -9.191036e-05, 1.599052, 0, 0, 0, 0, 0, 0, 0.028721243, 6.03199e-05, 0.70221186, -0.075613976, 0.000254035, 0.6925857, 0.075613976, -0.000254035, -0.6925857, 0.58060825, 0.0001809597, -0.45135617),
"tilts": PackedFloat32Array(0, 0, 0)
}
point_count = 3

[sub_resource type="StandardMaterial3D" id="StandardMaterial3D_skexp"]
albedo_color = Color(0.78941363, 0.87597615, 0.9298817, 1)
metallic = 0.13
roughness = 0.77

[sub_resource type="BoxShape3D" id="BoxShape3D_p6dlg"]
size = Vector3(0.6390381, 0.37445068, 1.4529724)

[sub_resource type="BoxShape3D" id="BoxShape3D_qsbhv"]
size = Vector3(0.6548462, 0.26934814, 0.035888672)

[sub_resource type="BoxShape3D" id="BoxShape3D_q0osy"]
size = Vector3(0.6548462, 0.4441223, 0.035888672)

[sub_resource type="BoxShape3D" id="BoxShape3D_nx0y2"]
size = Vector3(0.49588013, 0.22458267, 0.022827148)

[sub_resource type="BoxShape3D" id="BoxShape3D_2tl6c"]
size = Vector3(0.61743164, 0.21697998, 1.4292603)

[sub_resource type="BoxShape3D" id="BoxShape3D_h14bm"]
size = Vector3(0.08128357, 0.3173828, 0.2043457)

[node name="StartRoom3d" type="Node3D" unique_id=1982129123 node_paths=PackedStringArray("_managed_door_configs")]
script = ExtResource("1_rcr32")
_managed_door_configs = [NodePath("Geometry/Door ConfigOptions"), NodePath("Geometry/Door ConfigOptions2"), NodePath("Geometry/Door ConfigOptions3"), NodePath("Geometry/Door ConfigOptions4")]
metadata/_custom_type_script = "uid://b4o2hlt1k23lm"

[node name="Geometry" type="Node3D" parent="." unique_id=258274191]
transform = Transform3D(1, 0, 0, 0, 1, 0, 0, 0, 1, -1, 0, 1)

[node name="dugneonbuilderterminal2" parent="Geometry" unique_id=179266174 instance=ExtResource("7_2lquy")]
transform = Transform3D(1, 0, 0, 0, 1, 0, 0, 0, 1, 1, 0, 0)

[node name="Door ConfigOptions" parent="Geometry" unique_id=1130199357 instance=ExtResource("9_mgtto")]
transform = Transform3D(1, 0, 0, 0, 1, 0, 0, 0, 1, 3, 1, 4)

[node name="Door ConfigOptions2" parent="Geometry" unique_id=615608769 instance=ExtResource("9_mgtto")]
transform = Transform3D(-4.371139e-08, 0, 1, 0, 1, 0, -1, 0, -4.371139e-08, 8, 1, -3)

[node name="Door ConfigOptions3" parent="Geometry" unique_id=1211750043 instance=ExtResource("9_mgtto")]
transform = Transform3D(-1, 0, -8.742278e-08, 0, 1, 0, 8.742278e-08, 0, -1, 3, 1, -6)

[node name="Door ConfigOptions4" parent="Geometry" unique_id=479545759 instance=ExtResource("9_mgtto")]
transform = Transform3D(1.3113416e-07, 0, -1, 0, 1, 0, 1, 0, 1.3113416e-07, -6, 1, -1)

[node name="letter_cube_b bedside" parent="Geometry" unique_id=1705494678 instance=ExtResource("10_3aeuo")]
transform = Transform3D(0.99995947, 0, -0.009005777, 0, 1, 0, 0.009005777, 0, 0.99995947, -2.9355922, 0.3, -3.5341105)

[node name="shapesbox" parent="Geometry/letter_cube_b bedside" unique_id=1601224345 instance=ExtResource("9_3aeuo")]
transform = Transform3D(0.82905716, 0, -0.559164, 0, 1, 0, 0.559164, 0, 0.82905716, -0.006206751, 0.3171034, -0.029043198)

[node name="letter_cube_b2" parent="Geometry" unique_id=1161315217 instance=ExtResource("10_3aeuo")]
transform = Transform3D(0.5528893, -0.83323985, -0.0049794354, 0.009005777, -4.371139e-08, 0.99995947, -0.83320606, -0.5529117, 0.0075039477, -0.07787776, 0.3, -1.2538612)

[node name="letter_cube_b3" parent="Geometry" unique_id=1575219875 instance=ExtResource("10_3aeuo")]
transform = Transform3D(1, 0, 0, 0, -4.371139e-08, 1, 0, -1, -4.371139e-08, -0.07787776, 0.7839308, -1.2538612)

[node name="letter_cube_b4" parent="Geometry" unique_id=9682444 instance=ExtResource("10_3aeuo")]
transform = Transform3D(1.1692389e-08, 0.26749068, -0.96356046, 1, -4.371139e-08, 0, -4.2118565e-08, -0.96356046, -0.26749068, -0.07787776, 1.2675447, -1.2538612)

[node name="TrainTracks" type="Node3D" parent="Geometry" unique_id=536357010]

[node name="TrainTrackStop" type="MeshInstance3D" parent="Geometry/TrainTracks" unique_id=1817087905]
transform = Transform3D(0.9975176, 0, -0.07041807, 0, 1, 0, 0.07041807, 0, 0.9975176, 1.3811195, 0.062198, -5.1998167)
material_override = ExtResource("11_4bwta")
mesh = ExtResource("20_4w84r")
skeleton = NodePath("../../..")

[node name="StaticBody3D" type="StaticBody3D" parent="Geometry/TrainTracks/TrainTrackStop" unique_id=1028490011]

[node name="CollisionShape3D" type="CollisionShape3D" parent="Geometry/TrainTracks/TrainTrackStop/StaticBody3D" unique_id=1678481249]
transform = Transform3D(1, 0, 0, 0, 1, 0, 0, 0, 1, -0.0006098449, -0.008850113, -0.07128334)
shape = SubResource("BoxShape3D_2bkd8")

[node name="CollisionShape3D2" type="CollisionShape3D" parent="Geometry/TrainTracks/TrainTrackStop/StaticBody3D" unique_id=1563618090]
transform = Transform3D(1, 0, 0, 0, 1, 0, 0, 0, 1, 0.00042787194, 0.14382933, -0.09738445)
shape = SubResource("BoxShape3D_ig47d")

[node name="TrainTrackRamp" type="MeshInstance3D" parent="Geometry/TrainTracks" unique_id=1374923943]
transform = Transform3D(0.6779288, 0, -0.7351276, 0, 1, 0, 0.7351276, 0, 0.6779288, -2.2960353, 0.046221, 0.25407875)
material_override = ExtResource("11_4bwta")
mesh = ExtResource("19_7l70u")
skeleton = NodePath("../../..")

[node name="StaticBody3D" type="StaticBody3D" parent="Geometry/TrainTracks/TrainTrackRamp" unique_id=1729249120]

[node name="CollisionShape3D" type="CollisionShape3D" parent="Geometry/TrainTracks/TrainTrackRamp/StaticBody3D" unique_id=226867969]
shape = SubResource("ConvexPolygonShape3D_4w84r")

[node name="TrainTrackTurnLeftShort" type="MeshInstance3D" parent="Geometry/TrainTracks" unique_id=1637004169]
transform = Transform3D(-0.4021875, 0, 0.91555744, 0, 1, 0, -0.91555744, 0, -0.4021875, -4.9702153, 0.066834204, -1.3238039)
material_override = ExtResource("11_4bwta")
mesh = ExtResource("17_pkgjf")
skeleton = NodePath("../../..")

[node name="StaticBody3D" type="StaticBody3D" parent="Geometry/TrainTracks/TrainTrackTurnLeftShort" unique_id=2115789909]

[node name="CollisionShape3D" type="CollisionShape3D" parent="Geometry/TrainTracks/TrainTrackTurnLeftShort/StaticBody3D" unique_id=623672239]
transform = Transform3D(0.99937814, 0, -0.035265908, 0, 1, 0, 0.035265908, 0, 0.99937814, 0.16826457, 0.007354729, -0.5096009)
shape = SubResource("BoxShape3D_yaq8p")

[node name="CollisionShape3D2" type="CollisionShape3D" parent="Geometry/TrainTracks/TrainTrackTurnLeftShort/StaticBody3D" unique_id=355625352]
transform = Transform3D(0.9812021, 0, -0.19298461, 0, 1, 0, 0.19298461, 0, 0.9812021, 0.13128686, 0.007354699, -0.2703495)
shape = SubResource("BoxShape3D_yaq8p")

[node name="CollisionShape3D3" type="CollisionShape3D" parent="Geometry/TrainTracks/TrainTrackTurnLeftShort/StaticBody3D" unique_id=1367582826]
transform = Transform3D(0.9442964, 0, -0.32909775, 0, 1, 0, 0.32909775, 0, 0.9442964, 0.07017887, 0.0073546395, -0.03638029)
shape = SubResource("BoxShape3D_yaq8p")

[node name="CollisionShape3D4" type="CollisionShape3D" parent="Geometry/TrainTracks/TrainTrackTurnLeftShort/StaticBody3D" unique_id=1475754115]
transform = Transform3D(0.90716946, 0, -0.42076707, 0, 1, 0, 0.42076707, 0, 0.90716946, -0.0082707405, 0.0073546395, 0.17018867)
shape = SubResource("BoxShape3D_yaq8p")

[node name="CollisionShape3D5" type="CollisionShape3D" parent="Geometry/TrainTracks/TrainTrackTurnLeftShort/StaticBody3D" unique_id=656687142]
transform = Transform3D(0.8547857, 0, -0.51898277, 0, 1, 0, 0.51898277, 0, 0.8547857, -0.09973854, 0.0073546395, 0.364038)
shape = SubResource("BoxShape3D_yaq8p")

[node name="CollisionShape3D6" type="CollisionShape3D" parent="Geometry/TrainTracks/TrainTrackTurnLeftShort/StaticBody3D" unique_id=919042534]
transform = Transform3D(0.80153614, 0, -0.59794766, 0, 1, 0, 0.59794766, 0, 0.80153614, -0.20498937, 0.0073546395, 0.5302069)
shape = SubResource("BoxShape3D_yaq8p")

[node name="TrainTrackTurnRightShort" type="MeshInstance3D" parent="Geometry/TrainTracks" unique_id=2036240470]
transform = Transform3D(-0.92612755, 0, 0.37721065, 0, 1, 0, -0.37721065, 0, -0.92612755, 2.8774881, 0.0668345, -1.0369729)
material_override = ExtResource("11_4bwta")
mesh = ExtResource("17_1simb")
skeleton = NodePath("../../..")

[node name="StaticBody3D" type="StaticBody3D" parent="Geometry/TrainTracks/TrainTrackTurnRightShort" unique_id=654075274]
transform = Transform3D(-0.8405192, 0, -0.5417816, 0, 1, 0, 0.5417816, 0, -0.8405192, 0.0036919117, -0.017041624, -0.11345667)

[node name="CollisionShape3D" type="CollisionShape3D" parent="Geometry/TrainTracks/TrainTrackTurnRightShort/StaticBody3D" unique_id=1097979118]
transform = Transform3D(0.99937814, 0, -0.035265908, 0, 1, 0, 0.035265908, 0, 0.99937814, 0.16826457, 0.007354729, -0.5096009)
shape = SubResource("BoxShape3D_yaq8p")

[node name="CollisionShape3D2" type="CollisionShape3D" parent="Geometry/TrainTracks/TrainTrackTurnRightShort/StaticBody3D" unique_id=1288766702]
transform = Transform3D(0.9812021, 0, -0.19298461, 0, 1, 0, 0.19298461, 0, 0.9812021, 0.13128686, 0.007354699, -0.2703495)
shape = SubResource("BoxShape3D_yaq8p")

[node name="CollisionShape3D3" type="CollisionShape3D" parent="Geometry/TrainTracks/TrainTrackTurnRightShort/StaticBody3D" unique_id=1688685647]
transform = Transform3D(0.95382756, 0, -0.30035657, 0, 1, 0, 0.30035657, 0, 0.95382756, 0.08939469, 0.0073546395, -0.04718411)
shape = SubResource("BoxShape3D_yaq8p")

[node name="CollisionShape3D4" type="CollisionShape3D" parent="Geometry/TrainTracks/TrainTrackTurnRightShort/StaticBody3D" unique_id=1322413521]
transform = Transform3D(0.90716946, 0, -0.42076707, 0, 1, 0, 0.42076707, 0, 0.90716946, 0.013347983, 0.0073546395, 0.15198174)
shape = SubResource("BoxShape3D_yaq8p")

[node name="CollisionShape3D5" type="CollisionShape3D" parent="Geometry/TrainTracks/TrainTrackTurnRightShort/StaticBody3D" unique_id=304173256]
transform = Transform3D(0.8741037, 0, -0.48574114, 0, 1, 0, 0.48574114, 0, 0.8741037, -0.07760048, 0.0073546395, 0.34103093)
shape = SubResource("BoxShape3D_yaq8p")

[node name="TrainTrackTurnRight2" type="MeshInstance3D" parent="Geometry/TrainTracks" unique_id=991482560]
transform = Transform3D(-0.5630357, 0, 0.82643235, 0, 1, 0, -0.82643235, 0, -0.5630357, 1.3238101, 0.07744239, 0.87728167)
material_override = ExtResource("11_4bwta")
mesh = ExtResource("15_qi0mj")
skeleton = NodePath("../../..")

[node name="StaticBody3D" type="StaticBody3D" parent="Geometry/TrainTracks/TrainTrackTurnRight2" unique_id=1266851563]
transform = Transform3D(-1, 0, -8.940697e-08, 0, 1, 0, 8.940697e-08, 0, -1, -0.0060782433, -0.012707531, 0.03361559)

[node name="CollisionShape3D" type="CollisionShape3D" parent="Geometry/TrainTracks/TrainTrackTurnRight2/StaticBody3D" unique_id=255583599]
transform = Transform3D(0.99937814, 0, -0.035265908, 0, 1, 0, 0.035265908, 0, 0.99937814, 0.16826457, 0.007354729, -0.5096009)
shape = SubResource("BoxShape3D_yaq8p")

[node name="CollisionShape3D2" type="CollisionShape3D" parent="Geometry/TrainTracks/TrainTrackTurnRight2/StaticBody3D" unique_id=554480251]
transform = Transform3D(0.9812021, 0, -0.19298461, 0, 1, 0, 0.19298461, 0, 0.9812021, 0.13128686, 0.007354699, -0.2703495)
shape = SubResource("BoxShape3D_yaq8p")

[node name="CollisionShape3D3" type="CollisionShape3D" parent="Geometry/TrainTracks/TrainTrackTurnRight2/StaticBody3D" unique_id=89671830]
transform = Transform3D(0.9442964, 0, -0.32909775, 0, 1, 0, 0.32909775, 0, 0.9442964, 0.07017887, 0.0073546395, -0.03638029)
shape = SubResource("BoxShape3D_yaq8p")

[node name="CollisionShape3D4" type="CollisionShape3D" parent="Geometry/TrainTracks/TrainTrackTurnRight2/StaticBody3D" unique_id=817111942]
transform = Transform3D(0.90716946, 0, -0.42076707, 0, 1, 0, 0.42076707, 0, 0.90716946, -0.0082707405, 0.0073546395, 0.17018867)
shape = SubResource("BoxShape3D_yaq8p")

[node name="CollisionShape3D5" type="CollisionShape3D" parent="Geometry/TrainTracks/TrainTrackTurnRight2/StaticBody3D" unique_id=615110689]
transform = Transform3D(0.8547857, 0, -0.51898277, 0, 1, 0, 0.51898277, 0, 0.8547857, -0.09973854, 0.0073546395, 0.364038)
shape = SubResource("BoxShape3D_yaq8p")

[node name="CollisionShape3D6" type="CollisionShape3D" parent="Geometry/TrainTracks/TrainTrackTurnRight2/StaticBody3D" unique_id=1904707796]
transform = Transform3D(0.80153614, 0, -0.59794766, 0, 1, 0, 0.59794766, 0, 0.80153614, -0.20498937, 0.0073546395, 0.5302069)
shape = SubResource("BoxShape3D_yaq8p")

[node name="TrainTrackBranchRight" type="MeshInstance3D" parent="Geometry/TrainTracks" unique_id=321737805]
transform = Transform3D(0.6424934, 0, -0.7662912, 0, 1, 0, 0.7662912, 0, 0.6424934, 0.49491417, 0.060717, -3.2826576)
material_override = ExtResource("11_4bwta")
mesh = ExtResource("16_5kki3")
skeleton = NodePath("../../..")

[node name="StaticBody3D" type="StaticBody3D" parent="Geometry/TrainTracks/TrainTrackBranchRight" unique_id=633728936]
transform = Transform3D(-0.9996995, 0, 0.024519354, 0, 1, 0, -0.024519354, 0, -0.9996995, -0.014660358, -0.009632349, 0.1806283)

[node name="CollisionShape3D" type="CollisionShape3D" parent="Geometry/TrainTracks/TrainTrackBranchRight/StaticBody3D" unique_id=1451558523]
transform = Transform3D(0.99937814, 0, -0.035265908, 0, 1, 0, 0.035265908, 0, 0.99937814, 0.16826457, 0.007354729, -0.5096009)
shape = SubResource("BoxShape3D_yaq8p")

[node name="CollisionShape3D2" type="CollisionShape3D" parent="Geometry/TrainTracks/TrainTrackBranchRight/StaticBody3D" unique_id=567769373]
transform = Transform3D(0.9812021, 0, -0.19298461, 0, 1, 0, 0.19298461, 0, 0.9812021, 0.13128686, 0.007354699, -0.2703495)
shape = SubResource("BoxShape3D_yaq8p")

[node name="CollisionShape3D3" type="CollisionShape3D" parent="Geometry/TrainTracks/TrainTrackBranchRight/StaticBody3D" unique_id=287185754]
transform = Transform3D(0.9442964, 0, -0.32909775, 0, 1, 0, 0.32909775, 0, 0.9442964, 0.07017887, 0.0073546395, -0.03638029)
shape = SubResource("BoxShape3D_yaq8p")

[node name="CollisionShape3D4" type="CollisionShape3D" parent="Geometry/TrainTracks/TrainTrackBranchRight/StaticBody3D" unique_id=1882581420]
transform = Transform3D(0.90716946, 0, -0.42076707, 0, 1, 0, 0.42076707, 0, 0.90716946, -0.0082707405, 0.0073546395, 0.17018867)
shape = SubResource("BoxShape3D_yaq8p")

[node name="CollisionShape3D5" type="CollisionShape3D" parent="Geometry/TrainTracks/TrainTrackBranchRight/StaticBody3D" unique_id=79897719]
transform = Transform3D(0.8547857, 0, -0.51898277, 0, 1, 0, 0.51898277, 0, 0.8547857, -0.09973854, 0.0073546395, 0.364038)
shape = SubResource("BoxShape3D_yaq8p")

[node name="CollisionShape3D6" type="CollisionShape3D" parent="Geometry/TrainTracks/TrainTrackBranchRight/StaticBody3D" unique_id=856737109]
transform = Transform3D(0.80153614, 0, -0.59794766, 0, 1, 0, 0.59794766, 0, 0.80153614, -0.20498937, 0.0073546395, 0.5302069)
shape = SubResource("BoxShape3D_yaq8p")

[node name="CollisionShape3D7" type="CollisionShape3D" parent="Geometry/TrainTracks/TrainTrackBranchRight/StaticBody3D" unique_id=870725776]
transform = Transform3D(0.9995749, 0, 0.029142797, 0, 1, 0, -0.029142797, 0, 0.9995749, 0.17901659, -0.0015678555, 0.04591775)
shape = SubResource("BoxShape3D_skexp")

[node name="TrainTrackTurnRight6" type="MeshInstance3D" parent="Geometry/TrainTracks" unique_id=741198234]
transform = Transform3D(-0.9642668, 0, 0.26493356, 0, 1, 0, -0.26493356, 0, -0.9642668, 2.4075053, 0.06446788, 0.14747465)
material_override = ExtResource("11_4bwta")
mesh = ExtResource("15_qi0mj")
skeleton = NodePath("../../..")

[node name="StaticBody3D" type="StaticBody3D" parent="Geometry/TrainTracks/TrainTrackTurnRight6" unique_id=42885725]
transform = Transform3D(-0.99999994, 0, -8.940697e-08, 0, 1, 0, 8.940697e-08, 0, -0.99999994, -0.006078124, -0.017313719, 0.03361547)

[node name="CollisionShape3D" type="CollisionShape3D" parent="Geometry/TrainTracks/TrainTrackTurnRight6/StaticBody3D" unique_id=169691222]
transform = Transform3D(0.99937814, 0, -0.035265908, 0, 1, 0, 0.035265908, 0, 0.99937814, 0.16826457, 0.007354729, -0.5096009)
shape = SubResource("BoxShape3D_yaq8p")

[node name="CollisionShape3D2" type="CollisionShape3D" parent="Geometry/TrainTracks/TrainTrackTurnRight6/StaticBody3D" unique_id=1825792570]
transform = Transform3D(0.9812021, 0, -0.19298461, 0, 1, 0, 0.19298461, 0, 0.9812021, 0.13128686, 0.007354699, -0.2703495)
shape = SubResource("BoxShape3D_yaq8p")

[node name="CollisionShape3D3" type="CollisionShape3D" parent="Geometry/TrainTracks/TrainTrackTurnRight6/StaticBody3D" unique_id=195259139]
transform = Transform3D(0.9442964, 0, -0.32909775, 0, 1, 0, 0.32909775, 0, 0.9442964, 0.07017887, 0.0073546395, -0.03638029)
shape = SubResource("BoxShape3D_yaq8p")

[node name="CollisionShape3D4" type="CollisionShape3D" parent="Geometry/TrainTracks/TrainTrackTurnRight6/StaticBody3D" unique_id=686456804]
transform = Transform3D(0.90716946, 0, -0.42076707, 0, 1, 0, 0.42076707, 0, 0.90716946, -0.0082707405, 0.0073546395, 0.17018867)
shape = SubResource("BoxShape3D_yaq8p")

[node name="CollisionShape3D5" type="CollisionShape3D" parent="Geometry/TrainTracks/TrainTrackTurnRight6/StaticBody3D" unique_id=1272231738]
transform = Transform3D(0.8547857, 0, -0.51898277, 0, 1, 0, 0.51898277, 0, 0.8547857, -0.09973854, 0.0073546395, 0.364038)
shape = SubResource("BoxShape3D_yaq8p")

[node name="CollisionShape3D6" type="CollisionShape3D" parent="Geometry/TrainTracks/TrainTrackTurnRight6/StaticBody3D" unique_id=1714312236]
transform = Transform3D(0.80153614, 0, -0.59794766, 0, 1, 0, 0.59794766, 0, 0.80153614, -0.20498937, 0.0073546395, 0.5302069)
shape = SubResource("BoxShape3D_yaq8p")

[node name="TrainTrackTurnRight5" type="MeshInstance3D" parent="Geometry/TrainTracks" unique_id=619729732]
transform = Transform3D(-0.674238, 0, -0.7385141, 0, 1, 0, 0.7385141, 0, -0.674238, 2.6239762, 0.06446788, -2.2205062)
material_override = ExtResource("11_4bwta")
mesh = ExtResource("15_qi0mj")
skeleton = NodePath("../../..")

[node name="StaticBody3D" type="StaticBody3D" parent="Geometry/TrainTracks/TrainTrackTurnRight5" unique_id=83282160]
transform = Transform3D(-1, 0, -8.940697e-08, 0, 1, 0, 8.940697e-08, 0, -1, -0.006078005, -0.017041624, 0.03361565)

[node name="CollisionShape3D" type="CollisionShape3D" parent="Geometry/TrainTracks/TrainTrackTurnRight5/StaticBody3D" unique_id=1453083276]
transform = Transform3D(0.99937814, 0, -0.035265908, 0, 1, 0, 0.035265908, 0, 0.99937814, 0.16826457, 0.007354729, -0.5096009)
shape = SubResource("BoxShape3D_yaq8p")

[node name="CollisionShape3D2" type="CollisionShape3D" parent="Geometry/TrainTracks/TrainTrackTurnRight5/StaticBody3D" unique_id=543774095]
transform = Transform3D(0.9812021, 0, -0.19298461, 0, 1, 0, 0.19298461, 0, 0.9812021, 0.13128686, 0.007354699, -0.2703495)
shape = SubResource("BoxShape3D_yaq8p")

[node name="CollisionShape3D3" type="CollisionShape3D" parent="Geometry/TrainTracks/TrainTrackTurnRight5/StaticBody3D" unique_id=538520043]
transform = Transform3D(0.9442964, 0, -0.32909775, 0, 1, 0, 0.32909775, 0, 0.9442964, 0.07017887, 0.0073546395, -0.03638029)
shape = SubResource("BoxShape3D_yaq8p")

[node name="CollisionShape3D4" type="CollisionShape3D" parent="Geometry/TrainTracks/TrainTrackTurnRight5/StaticBody3D" unique_id=403084143]
transform = Transform3D(0.90716946, 0, -0.42076707, 0, 1, 0, 0.42076707, 0, 0.90716946, -0.0082707405, 0.0073546395, 0.17018867)
shape = SubResource("BoxShape3D_yaq8p")

[node name="CollisionShape3D5" type="CollisionShape3D" parent="Geometry/TrainTracks/TrainTrackTurnRight5/StaticBody3D" unique_id=1565454133]
transform = Transform3D(0.8547857, 0, -0.51898277, 0, 1, 0, 0.51898277, 0, 0.8547857, -0.09973854, 0.0073546395, 0.364038)
shape = SubResource("BoxShape3D_yaq8p")

[node name="CollisionShape3D6" type="CollisionShape3D" parent="Geometry/TrainTracks/TrainTrackTurnRight5/StaticBody3D" unique_id=1684633115]
transform = Transform3D(0.80153614, 0, -0.59794766, 0, 1, 0, 0.59794766, 0, 0.80153614, -0.20498937, 0.0073546395, 0.5302069)
shape = SubResource("BoxShape3D_yaq8p")

[node name="TrainTrackTurnRight4" type="MeshInstance3D" parent="Geometry/TrainTracks" unique_id=2121196328]
transform = Transform3D(-0.07168905, 0, -0.997427, 0, 1, 0, 0.997427, 0, -0.07168905, 1.6730931, 0.06446788, -3.1307855)
material_override = ExtResource("11_4bwta")
mesh = ExtResource("15_qi0mj")
skeleton = NodePath("../../..")

[node name="StaticBody3D" type="StaticBody3D" parent="Geometry/TrainTracks/TrainTrackTurnRight4" unique_id=225023050]
transform = Transform3D(-1, 0, -8.940697e-08, 0, 1, 0, 8.940697e-08, 0, -1, -0.0060782433, -0.015395731, 0.03361553)

[node name="CollisionShape3D" type="CollisionShape3D" parent="Geometry/TrainTracks/TrainTrackTurnRight4/StaticBody3D" unique_id=1053862443]
transform = Transform3D(0.99937814, 0, -0.035265908, 0, 1, 0, 0.035265908, 0, 0.99937814, 0.16826457, 0.007354729, -0.5096009)
shape = SubResource("BoxShape3D_yaq8p")

[node name="CollisionShape3D2" type="CollisionShape3D" parent="Geometry/TrainTracks/TrainTrackTurnRight4/StaticBody3D" unique_id=1453377437]
transform = Transform3D(0.9812021, 0, -0.19298461, 0, 1, 0, 0.19298461, 0, 0.9812021, 0.13128686, 0.007354699, -0.2703495)
shape = SubResource("BoxShape3D_yaq8p")

[node name="CollisionShape3D3" type="CollisionShape3D" parent="Geometry/TrainTracks/TrainTrackTurnRight4/StaticBody3D" unique_id=1519098893]
transform = Transform3D(0.9442964, 0, -0.32909775, 0, 1, 0, 0.32909775, 0, 0.9442964, 0.07017887, 0.0073546395, -0.03638029)
shape = SubResource("BoxShape3D_yaq8p")

[node name="CollisionShape3D4" type="CollisionShape3D" parent="Geometry/TrainTracks/TrainTrackTurnRight4/StaticBody3D" unique_id=2013271099]
transform = Transform3D(0.90716946, 0, -0.42076707, 0, 1, 0, 0.42076707, 0, 0.90716946, -0.0082707405, 0.0073546395, 0.17018867)
shape = SubResource("BoxShape3D_yaq8p")

[node name="CollisionShape3D5" type="CollisionShape3D" parent="Geometry/TrainTracks/TrainTrackTurnRight4/StaticBody3D" unique_id=479886494]
transform = Transform3D(0.8547857, 0, -0.51898277, 0, 1, 0, 0.51898277, 0, 0.8547857, -0.09973854, 0.0073546395, 0.364038)
shape = SubResource("BoxShape3D_yaq8p")

[node name="CollisionShape3D6" type="CollisionShape3D" parent="Geometry/TrainTracks/TrainTrackTurnRight4/StaticBody3D" unique_id=1691930816]
transform = Transform3D(0.80153614, 0, -0.59794766, 0, 1, 0, 0.59794766, 0, 0.80153614, -0.20498937, 0.0073546395, 0.5302069)
shape = SubResource("BoxShape3D_yaq8p")

[node name="TrainTrackTurnRight3" type="MeshInstance3D" parent="Geometry/TrainTracks" unique_id=305991648]
transform = Transform3D(0.99123853, 0, -0.1320835, 0, 1, 0, 0.1320835, 0, 0.99123853, -0.620293, 0.06446788, -2.3324437)
material_override = ExtResource("11_4bwta")
mesh = ExtResource("15_qi0mj")
skeleton = NodePath("../../..")

[node name="StaticBody3D" type="StaticBody3D" parent="Geometry/TrainTracks/TrainTrackTurnRight3" unique_id=1820838854]
transform = Transform3D(-1, 0, -8.940697e-08, 0, 1, 0, 8.940697e-08, 0, -1, -0.006078124, -0.014757961, 0.03361559)

[node name="CollisionShape3D" type="CollisionShape3D" parent="Geometry/TrainTracks/TrainTrackTurnRight3/StaticBody3D" unique_id=522173293]
transform = Transform3D(0.99937814, 0, -0.035265908, 0, 1, 0, 0.035265908, 0, 0.99937814, 0.16826457, 0.007354729, -0.5096009)
shape = SubResource("BoxShape3D_yaq8p")

[node name="CollisionShape3D2" type="CollisionShape3D" parent="Geometry/TrainTracks/TrainTrackTurnRight3/StaticBody3D" unique_id=1394033949]
transform = Transform3D(0.9812021, 0, -0.19298461, 0, 1, 0, 0.19298461, 0, 0.9812021, 0.13128686, 0.007354699, -0.2703495)
shape = SubResource("BoxShape3D_yaq8p")

[node name="CollisionShape3D3" type="CollisionShape3D" parent="Geometry/TrainTracks/TrainTrackTurnRight3/StaticBody3D" unique_id=1355478745]
transform = Transform3D(0.9442964, 0, -0.32909775, 0, 1, 0, 0.32909775, 0, 0.9442964, 0.07017887, 0.0073546395, -0.03638029)
shape = SubResource("BoxShape3D_yaq8p")

[node name="CollisionShape3D4" type="CollisionShape3D" parent="Geometry/TrainTracks/TrainTrackTurnRight3/StaticBody3D" unique_id=143481683]
transform = Transform3D(0.90716946, 0, -0.42076707, 0, 1, 0, 0.42076707, 0, 0.90716946, -0.0082707405, 0.0073546395, 0.17018867)
shape = SubResource("BoxShape3D_yaq8p")

[node name="CollisionShape3D5" type="CollisionShape3D" parent="Geometry/TrainTracks/TrainTrackTurnRight3/StaticBody3D" unique_id=557172713]
transform = Transform3D(0.8547857, 0, -0.51898277, 0, 1, 0, 0.51898277, 0, 0.8547857, -0.09973854, 0.0073546395, 0.364038)
shape = SubResource("BoxShape3D_yaq8p")

[node name="CollisionShape3D6" type="CollisionShape3D" parent="Geometry/TrainTracks/TrainTrackTurnRight3/StaticBody3D" unique_id=338227735]
transform = Transform3D(0.80153614, 0, -0.59794766, 0, 1, 0, 0.59794766, 0, 0.80153614, -0.20498937, 0.0073546395, 0.5302069)
shape = SubResource("BoxShape3D_yaq8p")

[node name="TrainTrackTurnRight" type="MeshInstance3D" parent="Geometry/TrainTracks" unique_id=2109110787]
transform = Transform3D(0.11408752, 0, 0.99347067, 0, 1, 0, -0.99347067, 0, 0.11408752, -0.9739096, 0.06446788, 0.59215295)
material_override = ExtResource("11_4bwta")
mesh = ExtResource("15_qi0mj")
skeleton = NodePath("../../..")

[node name="StaticBody3D" type="StaticBody3D" parent="Geometry/TrainTracks/TrainTrackTurnRight" unique_id=1832393250]
transform = Transform3D(-1, 0, -8.940697e-08, 0, 1, 0, 8.940697e-08, 0, -1, -0.006078005, -0.010165155, 0.03361559)

[node name="CollisionShape3D" type="CollisionShape3D" parent="Geometry/TrainTracks/TrainTrackTurnRight/StaticBody3D" unique_id=198678524]
transform = Transform3D(0.99937814, 0, -0.035265908, 0, 1, 0, 0.035265908, 0, 0.99937814, 0.16826457, 0.007354729, -0.5096009)
shape = SubResource("BoxShape3D_yaq8p")

[node name="CollisionShape3D2" type="CollisionShape3D" parent="Geometry/TrainTracks/TrainTrackTurnRight/StaticBody3D" unique_id=1075073141]
transform = Transform3D(0.9812021, 0, -0.19298461, 0, 1, 0, 0.19298461, 0, 0.9812021, 0.13128686, 0.007354699, -0.2703495)
shape = SubResource("BoxShape3D_yaq8p")

[node name="CollisionShape3D3" type="CollisionShape3D" parent="Geometry/TrainTracks/TrainTrackTurnRight/StaticBody3D" unique_id=2134366415]
transform = Transform3D(0.9442964, 0, -0.32909775, 0, 1, 0, 0.32909775, 0, 0.9442964, 0.07017887, 0.0073546395, -0.03638029)
shape = SubResource("BoxShape3D_yaq8p")

[node name="CollisionShape3D4" type="CollisionShape3D" parent="Geometry/TrainTracks/TrainTrackTurnRight/StaticBody3D" unique_id=978192504]
transform = Transform3D(0.90716946, 0, -0.42076707, 0, 1, 0, 0.42076707, 0, 0.90716946, -0.0082707405, 0.0073546395, 0.17018867)
shape = SubResource("BoxShape3D_yaq8p")

[node name="CollisionShape3D5" type="CollisionShape3D" parent="Geometry/TrainTracks/TrainTrackTurnRight/StaticBody3D" unique_id=96566050]
transform = Transform3D(0.8547857, 0, -0.51898277, 0, 1, 0, 0.51898277, 0, 0.8547857, -0.09973854, 0.0073546395, 0.364038)
shape = SubResource("BoxShape3D_yaq8p")

[node name="CollisionShape3D6" type="CollisionShape3D" parent="Geometry/TrainTracks/TrainTrackTurnRight/StaticBody3D" unique_id=1522444442]
transform = Transform3D(0.80153614, 0, -0.59794766, 0, 1, 0, 0.59794766, 0, 0.80153614, -0.20498937, 0.0073546395, 0.5302069)
shape = SubResource("BoxShape3D_yaq8p")

[node name="TrainTrackTurnLeft3" type="MeshInstance3D" parent="Geometry/TrainTracks" unique_id=184118209]
transform = Transform3D(0.99632454, 0, -0.085660465, 0, 1, 0, 0.085660465, 0, 0.99632454, 1.1400021, 0.067237735, -4.393121)
material_override = ExtResource("11_4bwta")
mesh = ExtResource("13_4bwta")
skeleton = NodePath("../../..")

[node name="StaticBody3D" type="StaticBody3D" parent="Geometry/TrainTracks/TrainTrackTurnLeft3" unique_id=99238257]
transform = Transform3D(0.99999994, 0, 0, 0, 1, 0, 0, 0, 0.99999994, 0, -0.012698352, 0)

[node name="CollisionShape3D" type="CollisionShape3D" parent="Geometry/TrainTracks/TrainTrackTurnLeft3/StaticBody3D" unique_id=884466467]
transform = Transform3D(0.99937814, 0, -0.035265908, 0, 1, 0, 0.035265908, 0, 0.99937814, 0.16826457, 0.007354729, -0.5096009)
shape = SubResource("BoxShape3D_yaq8p")

[node name="CollisionShape3D2" type="CollisionShape3D" parent="Geometry/TrainTracks/TrainTrackTurnLeft3/StaticBody3D" unique_id=1222013363]
transform = Transform3D(0.9812021, 0, -0.19298461, 0, 1, 0, 0.19298461, 0, 0.9812021, 0.13128686, 0.007354699, -0.2703495)
shape = SubResource("BoxShape3D_yaq8p")

[node name="CollisionShape3D3" type="CollisionShape3D" parent="Geometry/TrainTracks/TrainTrackTurnLeft3/StaticBody3D" unique_id=1687795149]
transform = Transform3D(0.9442964, 0, -0.32909775, 0, 1, 0, 0.32909775, 0, 0.9442964, 0.07017887, 0.0073546395, -0.03638029)
shape = SubResource("BoxShape3D_yaq8p")

[node name="CollisionShape3D4" type="CollisionShape3D" parent="Geometry/TrainTracks/TrainTrackTurnLeft3/StaticBody3D" unique_id=331182406]
transform = Transform3D(0.90716946, 0, -0.42076707, 0, 1, 0, 0.42076707, 0, 0.90716946, -0.0082707405, 0.0073546395, 0.17018867)
shape = SubResource("BoxShape3D_yaq8p")

[node name="CollisionShape3D5" type="CollisionShape3D" parent="Geometry/TrainTracks/TrainTrackTurnLeft3/StaticBody3D" unique_id=411156964]
transform = Transform3D(0.8547857, 0, -0.51898277, 0, 1, 0, 0.51898277, 0, 0.8547857, -0.09973854, 0.0073546395, 0.364038)
shape = SubResource("BoxShape3D_yaq8p")

[node name="CollisionShape3D6" type="CollisionShape3D" parent="Geometry/TrainTracks/TrainTrackTurnLeft3/StaticBody3D" unique_id=384121006]
transform = Transform3D(0.80153614, 0, -0.59794766, 0, 1, 0, 0.59794766, 0, 0.80153614, -0.20498937, 0.0073546395, 0.5302069)
shape = SubResource("BoxShape3D_yaq8p")

[node name="TrainTrackTurnLeft2" type="MeshInstance3D" parent="Geometry/TrainTracks" unique_id=1958345715]
transform = Transform3D(0.9916802, 0, -0.12872638, 0, 1, 0, 0.12872638, 0, 0.9916802, -1.1535623, 0.067237735, -1.059485)
material_override = ExtResource("11_4bwta")
mesh = ExtResource("13_4bwta")
skeleton = NodePath("../../..")

[node name="StaticBody3D" type="StaticBody3D" parent="Geometry/TrainTracks/TrainTrackTurnLeft2" unique_id=2054206675]
transform = Transform3D(1, 0, 0, 0, 1, 0, 0, 0, 1, 0, -0.015062511, 0)

[node name="CollisionShape3D" type="CollisionShape3D" parent="Geometry/TrainTracks/TrainTrackTurnLeft2/StaticBody3D" unique_id=867214665]
transform = Transform3D(0.99937814, 0, -0.035265908, 0, 1, 0, 0.035265908, 0, 0.99937814, 0.16826457, 0.007354729, -0.5096009)
shape = SubResource("BoxShape3D_yaq8p")

[node name="CollisionShape3D2" type="CollisionShape3D" parent="Geometry/TrainTracks/TrainTrackTurnLeft2/StaticBody3D" unique_id=1543951371]
transform = Transform3D(0.9812021, 0, -0.19298461, 0, 1, 0, 0.19298461, 0, 0.9812021, 0.13128686, 0.007354699, -0.2703495)
shape = SubResource("BoxShape3D_yaq8p")

[node name="CollisionShape3D3" type="CollisionShape3D" parent="Geometry/TrainTracks/TrainTrackTurnLeft2/StaticBody3D" unique_id=329372031]
transform = Transform3D(0.9442964, 0, -0.32909775, 0, 1, 0, 0.32909775, 0, 0.9442964, 0.07017887, 0.0073546395, -0.03638029)
shape = SubResource("BoxShape3D_yaq8p")

[node name="CollisionShape3D4" type="CollisionShape3D" parent="Geometry/TrainTracks/TrainTrackTurnLeft2/StaticBody3D" unique_id=138729019]
transform = Transform3D(0.90716946, 0, -0.42076707, 0, 1, 0, 0.42076707, 0, 0.90716946, -0.0082707405, 0.0073546395, 0.17018867)
shape = SubResource("BoxShape3D_yaq8p")

[node name="CollisionShape3D5" type="CollisionShape3D" parent="Geometry/TrainTracks/TrainTrackTurnLeft2/StaticBody3D" unique_id=1311918804]
transform = Transform3D(0.8547857, 0, -0.51898277, 0, 1, 0, 0.51898277, 0, 0.8547857, -0.09973854, 0.0073546395, 0.364038)
shape = SubResource("BoxShape3D_yaq8p")

[node name="CollisionShape3D6" type="CollisionShape3D" parent="Geometry/TrainTracks/TrainTrackTurnLeft2/StaticBody3D" unique_id=1043209730]
transform = Transform3D(0.80153614, 0, -0.59794766, 0, 1, 0, 0.59794766, 0, 0.80153614, -0.20498937, 0.0073546395, 0.5302069)
shape = SubResource("BoxShape3D_yaq8p")

[node name="TrainTrackTurnLeft" type="MeshInstance3D" parent="Geometry/TrainTracks" unique_id=2038679030]
transform = Transform3D(0.1964253, 0, 0.9805189, 0, 1, 0, -0.9805189, 0, 0.1964253, -2.798558, 0.06786899, -0.890486)
material_override = ExtResource("11_4bwta")
mesh = ExtResource("13_4bwta")
skeleton = NodePath("../../..")

[node name="StaticBody3D" type="StaticBody3D" parent="Geometry/TrainTracks/TrainTrackTurnLeft" unique_id=1238787996]
transform = Transform3D(1, 0, -1.4901161e-08, 0, 1, 0, 1.4901161e-08, 0, 1, 0, -0.015654996, 0)

[node name="CollisionShape3D" type="CollisionShape3D" parent="Geometry/TrainTracks/TrainTrackTurnLeft/StaticBody3D" unique_id=1315782150]
transform = Transform3D(0.99937814, 0, -0.035265908, 0, 1, 0, 0.035265908, 0, 0.99937814, 0.16826457, 0.007354729, -0.5096009)
shape = SubResource("BoxShape3D_yaq8p")

[node name="CollisionShape3D2" type="CollisionShape3D" parent="Geometry/TrainTracks/TrainTrackTurnLeft/StaticBody3D" unique_id=1893906564]
transform = Transform3D(0.9812021, 0, -0.19298461, 0, 1, 0, 0.19298461, 0, 0.9812021, 0.13128686, 0.007354699, -0.2703495)
shape = SubResource("BoxShape3D_yaq8p")

